0 0.642434 0.657033 0.7364 0.630373 0.709289 0.248143 0.615323 0.274803
0 0.136696 0.800333 0.228318 0.917186 0.332131 0.591596 0.240509 0.474743
0 0.517288 0.622745 0.614916 0.638722 0.630457 0.258875 0.532828 0.242899
0 0.477819 0.618299 0.574298 0.635639 0.591445 0.254004 0.494967 0.236664
0 0.300557 0.655335 0.392172 0.63018 0.36628 0.252979 0.274665 0.278134
0 0.332462 0.640804 0.427687 0.615238 0.402099 0.23401 0.306875 0.259576
0 0.559344 0.626947 0.653795 0.643562 0.670486 0.264039 0.576035 0.247424
0 0.685406 0.599985 0.781704 0.632567 0.813823 0.252855 0.717525 0.220272
0 0.129901 0.502081 0.223565 0.568997 0.290969 0.191607 0.197305 0.124691
0 0.166924 0.594127 0.265691 0.645031 0.316193 0.253085 0.217426 0.202181
0 0.43367 0.938981 0.526525 0.911178 0.498106 0.531531 0.405251 0.559334
0 0.487352 0.942339 0.582873 0.915355 0.555586 0.528985 0.460065 0.555969
0 0.82101 0.862496 0.91173 0.793191 0.849119 0.465368 0.7584 0.534674
0 0.447171 0.635346 0.543119 0.610888 0.518499 0.224546 0.422551 0.249004
0 0.786017 0.889694 0.873257 0.796586 0.781114 0.451241 0.693874 0.544348
0 0.384439 0.944294 0.491159 0.923052 0.471275 0.523459 0.364555 0.544701
0 0.408826 0.63979 0.506761 0.612605 0.478983 0.212319 0.381048 0.239504
0 0.378005 0.649048 0.475686 0.605649 0.43261 0.217826 0.334929 0.261225
0 0.548145 0.932691 0.641159 0.903979 0.61209 0.527297 0.519075 0.55601
0 0.590277 0.937254 0.683173 0.89888 0.644574 0.525117 0.551678 0.563491
0 0.227764 0.618631 0.32647 0.653073 0.358696 0.283656 0.25999 0.249213
0 0.318399 0.904596 0.415008 0.941098 0.451093 0.559082 0.354483 0.52258
0 0.744011 0.916673 0.822901 0.798603 0.707284 0.489598 0.628394 0.607668
0 0.648439 0.927723 0.739788 0.862927 0.674779 0.496336 0.583431 0.561132
0 0.760292 0.704533 0.896221 0.818457 0.954138 0.542041 0.818209 0.428117
