0 0.1845703125 0.2978515625 0.23095703125 0.3125 0.216796875 0.4970703125 0.169921875 0.482421875 
0 0.56640625 0.26171875 0.60693359375 0.2783203125 0.5771484375 0.560546875 0.53662109375 0.54296875 
0 0.6171875 0.2373046875 0.66796875 0.271484375 0.615234375 0.576171875 0.564453125 0.5419921875 
0 0.59423828125 0.26171875 0.6484375 0.23828125 0.68115234375 0.544921875 0.626953125 0.568359375 
0 0.6650390625 0.2783203125 0.7138671875 0.2978515625 0.69140625 0.529296875 0.642578125 0.5107421875 
0 0.68212890625 0.29296875 0.73095703125 0.2861328125 0.73681640625 0.4482421875 0.68798828125 0.455078125 
0 0.7177734375 0.2626953125 0.78515625 0.248046875 0.79736328125 0.484375 0.73046875 0.498046875 
0 0.748046875 0.5283203125 0.8076171875 0.4453125 0.8740234375 0.6357421875 0.81494140625 0.71875 
0 0.6845703125 0.5693359375 0.744140625 0.47265625 0.8359375 0.7001953125 0.7763671875 0.796875 
0 0.62646484375 0.603515625 0.68994140625 0.517578125 0.76611328125 0.7431640625 0.70263671875 0.8291015625 
0 0.197265625 0.314453125 0.2578125 0.2890625 0.28173828125 0.513671875 0.22119140625 0.5390625 
0 0.60693359375 0.57421875 0.64697265625 0.552734375 0.681640625 0.810546875 0.6416015625 0.83203125 
0 0.49609375 0.5849609375 0.52587890625 0.5771484375 0.5419921875 0.833984375 0.51171875 0.841796875 
0 0.27001953125 0.2744140625 0.33251953125 0.2802734375 0.326171875 0.53515625 0.26318359375 0.5283203125 
0 0.3154296875 0.5087890625 0.37939453125 0.5830078125 0.30712890625 0.83203125 0.2431640625 0.7587890625 
0 0.26025390625 0.4990234375 0.31396484375 0.5693359375 0.24169921875 0.7919921875 0.18798828125 0.7216796875 
0 0.19873046875 0.474609375 0.25830078125 0.5517578125 0.1982421875 0.736328125 0.138671875 0.6591796875 
0 0.337890625 0.3173828125 0.38427734375 0.3076171875 0.39697265625 0.5498046875 0.3505859375 0.5595703125 
0 0.35205078125 0.30859375 0.39697265625 0.283203125 0.435546875 0.5537109375 0.390625 0.5791015625 
0 0.39892578125 0.2861328125 0.4384765625 0.26953125 0.4677734375 0.5439453125 0.42822265625 0.5615234375 
0 0.43017578125 0.28515625 0.47900390625 0.2607421875 0.51416015625 0.54296875 0.46533203125 0.5673828125 
0 0.5224609375 0.255859375 0.57177734375 0.2734375 0.5458984375 0.56640625 0.49658203125 0.548828125 
