0 0.5390625 0.3388671875 0.57666015625 0.328125 0.5927734375 0.5576171875 0.55517578125 0.5673828125 
0 0.59033203125 0.2958984375 0.63671875 0.30078125 0.6298828125 0.5595703125 0.58349609375 0.5546875 
0 0.623046875 0.33984375 0.66162109375 0.3349609375 0.66845703125 0.537109375 0.6298828125 0.54296875 
0 0.64111328125 0.326171875 0.7109375 0.2919921875 0.73779296875 0.5078125 0.66796875 0.54296875 
0 0.70166015625 0.3076171875 0.75537109375 0.2880859375 0.7734375 0.4892578125 0.71923828125 0.5087890625 
0 0.73974609375 0.2861328125 0.7919921875 0.2578125 0.80908203125 0.3837890625 0.75634765625 0.412109375 
0 0.78076171875 0.4775390625 0.8408203125 0.5029296875 0.828125 0.623046875 0.76806640625 0.59765625 
0 0.7060546875 0.5361328125 0.7607421875 0.48046875 0.80615234375 0.658203125 0.75146484375 0.7138671875 
0 0.64306640625 0.5625 0.701171875 0.5009765625 0.7529296875 0.6962890625 0.69482421875 0.7587890625 
0 0.23583984375 0.28515625 0.29248046875 0.3076171875 0.2734375 0.5 0.216796875 0.478515625 
0 0.61376953125 0.5703125 0.6572265625 0.537109375 0.70068359375 0.7646484375 0.65771484375 0.7978515625 
0 0.58203125 0.58984375 0.623046875 0.5693359375 0.646484375 0.7578125 0.60546875 0.7783203125 
0 0.5517578125 0.60546875 0.5888671875 0.583984375 0.6181640625 0.787109375 0.5810546875 0.80859375 
0 0.53076171875 0.6123046875 0.5595703125 0.6044921875 0.57080078125 0.787109375 0.5419921875 0.7939453125 
0 0.50244140625 0.6015625 0.5322265625 0.5986328125 0.53759765625 0.806640625 0.50830078125 0.8095703125 
0 0.4755859375 0.603515625 0.5068359375 0.607421875 0.5 0.8095703125 0.46875 0.8056640625 
0 0.4462890625 0.60546875 0.4794921875 0.61328125 0.4677734375 0.80859375 0.43408203125 0.80078125 
0 0.41552734375 0.5849609375 0.451171875 0.599609375 0.4296875 0.80078125 0.39453125 0.78515625 
0 0.3818359375 0.564453125 0.4189453125 0.58203125 0.3955078125 0.783203125 0.3583984375 0.7666015625 
0 0.34912109375 0.5458984375 0.390625 0.5693359375 0.3583984375 0.7919921875 0.3173828125 0.767578125 
0 0.2890625 0.271484375 0.35107421875 0.2978515625 0.32568359375 0.5341796875 0.263671875 0.5078125 
0 0.30859375 0.5 0.36474609375 0.5751953125 0.29931640625 0.76953125 0.2431640625 0.6943359375 
0 0.2470703125 0.470703125 0.3056640625 0.5439453125 0.24951171875 0.7236328125 0.19091796875 0.650390625 
0 0.1748046875 0.455078125 0.2392578125 0.4794921875 0.224609375 0.6328125 0.15966796875 0.6083984375 
0 0.33203125 0.2998046875 0.37255859375 0.3056640625 0.3642578125 0.54296875 0.32373046875 0.537109375 
0 0.40087890625 0.3056640625 0.43701171875 0.3095703125 0.4296875 0.576171875 0.3935546875 0.5732421875 
0 0.43603515625 0.3349609375 0.47705078125 0.341796875 0.46630859375 0.5859375 0.42529296875 0.5791015625 
0 0.4501953125 0.353515625 0.49462890625 0.3388671875 0.51318359375 0.572265625 0.46826171875 0.5859375 
0 0.49609375 0.3359375 0.541015625 0.3232421875 0.55859375 0.57421875 0.513671875 0.5869140625 
