0 0.552734375 0.296875 0.59423828125 0.291015625 0.60400390625 0.5732421875 0.5625 0.5791015625 
0 0.60693359375 0.3232421875 0.65185546875 0.333984375 0.6357421875 0.5927734375 0.59130859375 0.58203125 
0 0.640625 0.337890625 0.6884765625 0.345703125 0.6787109375 0.5751953125 0.63037109375 0.56640625 
0 0.6611328125 0.337890625 0.703125 0.328125 0.7177734375 0.5654296875 0.67578125 0.5751953125 
0 0.6943359375 0.337890625 0.74951171875 0.3203125 0.7685546875 0.5625 0.71337890625 0.580078125 
0 0.7431640625 0.3291015625 0.7939453125 0.3095703125 0.81591796875 0.5322265625 0.76513671875 0.552734375 
0 0.77099609375 0.3173828125 0.81884765625 0.2705078125 0.86572265625 0.462890625 0.81787109375 0.509765625 
0 0.7646484375 0.5439453125 0.8203125 0.4990234375 0.8544921875 0.6689453125 0.798828125 0.7138671875 
0 0.7109375 0.6015625 0.7900390625 0.5439453125 0.82958984375 0.7607421875 0.75048828125 0.818359375 
0 0.21142578125 0.3056640625 0.27294921875 0.3232421875 0.2578125 0.5390625 0.1962890625 0.521484375 
0 0.56787109375 0.6162109375 0.60693359375 0.587890625 0.646484375 0.8056640625 0.607421875 0.833984375 
0 0.53759765625 0.6123046875 0.57177734375 0.591796875 0.60302734375 0.7958984375 0.56884765625 0.8173828125 
0 0.50732421875 0.611328125 0.5390625 0.5908203125 0.568359375 0.7724609375 0.537109375 0.79296875 
0 0.47607421875 0.6064453125 0.509765625 0.5869140625 0.53515625 0.763671875 0.50146484375 0.783203125 
0 0.44287109375 0.6064453125 0.47607421875 0.5849609375 0.50537109375 0.765625 0.47216796875 0.787109375 
0 0.416015625 0.6005859375 0.4521484375 0.611328125 0.4375 0.796875 0.4013671875 0.78515625 
0 0.3759765625 0.58984375 0.4208984375 0.6142578125 0.3916015625 0.833984375 0.3466796875 0.8095703125 
0 0.34228515625 0.5654296875 0.3876953125 0.6025390625 0.3388671875 0.841796875 0.2939453125 0.8056640625 
0 0.2626953125 0.310546875 0.32763671875 0.322265625 0.31640625 0.5693359375 0.251953125 0.5576171875 
0 0.29345703125 0.5263671875 0.34765625 0.6083984375 0.2705078125 0.8125 0.21630859375 0.73046875 
0 0.23876953125 0.4853515625 0.2900390625 0.607421875 0.19091796875 0.7734375 0.1396484375 0.6513671875 
0 0.30712890625 0.3251953125 0.35205078125 0.31640625 0.365234375 0.56640625 0.31982421875 0.576171875 
0 0.34521484375 0.3125 0.39208984375 0.302734375 0.40576171875 0.5712890625 0.359375 0.5810546875 
0 0.38427734375 0.3134765625 0.43212890625 0.302734375 0.4462890625 0.5693359375 0.39794921875 0.5791015625 
0 0.49951171875 0.294921875 0.5556640625 0.279296875 0.576171875 0.5703125 0.52001953125 0.5859375 
