0 0.158203125 0.2392578125 0.20849609375 0.244140625 0.2021484375 0.4853515625 0.15185546875 0.48046875 
0 0.52734375 0.279296875 0.572265625 0.26171875 0.6005859375 0.548828125 0.55517578125 0.56640625 
0 0.58056640625 0.232421875 0.634765625 0.2265625 0.64306640625 0.548828125 0.58935546875 0.5546875 
0 0.60498046875 0.2392578125 0.65478515625 0.22265625 0.6796875 0.5361328125 0.6298828125 0.552734375 
0 0.650390625 0.255859375 0.6953125 0.240234375 0.720703125 0.5263671875 0.67578125 0.5419921875 
0 0.6884765625 0.28515625 0.76220703125 0.26171875 0.78125 0.5029296875 0.70751953125 0.5263671875 
0 0.7548828125 0.275390625 0.8203125 0.251953125 0.8408203125 0.4873046875 0.775390625 0.509765625 
0 0.72900390625 0.5830078125 0.79931640625 0.48828125 0.8740234375 0.7109375 0.80419921875 0.8056640625 
0 0.65380859375 0.5908203125 0.724609375 0.4951171875 0.8037109375 0.7294921875 0.73291015625 0.8251953125 
0 0.17822265625 0.2939453125 0.24951171875 0.2685546875 0.271484375 0.517578125 0.2001953125 0.54296875 
0 0.63134765625 0.57421875 0.68017578125 0.541015625 0.72705078125 0.8134765625 0.67822265625 0.8466796875 
0 0.52978515625 0.578125 0.56298828125 0.5751953125 0.5703125 0.8486328125 0.537109375 0.8525390625 
0 0.50537109375 0.57421875 0.53564453125 0.5771484375 0.53125 0.826171875 0.5009765625 0.82421875 
0 0.47802734375 0.564453125 0.50830078125 0.5673828125 0.50146484375 0.8310546875 0.47119140625 0.828125 
0 0.33251953125 0.5498046875 0.3740234375 0.5732421875 0.33642578125 0.8369140625 0.294921875 0.8125 
0 0.2578125 0.2724609375 0.3232421875 0.2890625 0.30712890625 0.552734375 0.2412109375 0.5361328125 
0 0.28759765625 0.5625 0.345703125 0.6376953125 0.27587890625 0.853515625 0.2177734375 0.77734375 
0 0.22314453125 0.5224609375 0.2822265625 0.5751953125 0.23291015625 0.796875 0.173828125 0.744140625 
0 0.154296875 0.478515625 0.2236328125 0.5458984375 0.17333984375 0.751953125 0.10400390625 0.6845703125 
0 0.28369140625 0.2734375 0.328125 0.2578125 0.35205078125 0.5322265625 0.30810546875 0.5478515625 
0 0.32470703125 0.2548828125 0.37060546875 0.2421875 0.3916015625 0.54296875 0.345703125 0.5556640625 
0 0.36376953125 0.2197265625 0.4130859375 0.2080078125 0.4345703125 0.55078125 0.384765625 0.5625 
0 0.49169921875 0.2890625 0.5400390625 0.275390625 0.560546875 0.5673828125 0.51220703125 0.5810546875 
