0 0.2314453125 0.126953125 0.2919921875 0.4990234375 0.19921875 0.5595703125 0.138671875 0.1875 
0 0.6591796875 0.2412109375 0.6455078125 0.630859375 0.54833984375 0.6171875 0.5615234375 0.2275390625 
0 0.6982421875 0.2626953125 0.68115234375 0.65234375 0.583984375 0.634765625 0.60107421875 0.24609375 
0 0.708984375 0.2412109375 0.72607421875 0.6298828125 0.62890625 0.6474609375 0.61181640625 0.2578125 
0 0.85791015625 0.15234375 0.833984375 0.5400390625 0.7373046875 0.5166015625 0.7607421875 0.12890625 
0 0.80419921875 0.482421875 0.8740234375 0.84765625 0.78271484375 0.9169921875 0.712890625 0.552734375 
0 0.32958984375 0.25390625 0.28564453125 0.634765625 0.1904296875 0.5908203125 0.234375 0.2099609375 
0 0.54931640625 0.5244140625 0.56982421875 0.9130859375 0.47265625 0.93359375 0.4521484375 0.544921875 
0 0.51171875 0.5087890625 0.5458984375 0.892578125 0.44970703125 0.9267578125 0.41552734375 0.5419921875 
0 0.49609375 0.5654296875 0.4658203125 0.951171875 0.369140625 0.9208984375 0.39990234375 0.53515625 
0 0.43701171875 0.5966796875 0.357421875 0.953125 0.2685546875 0.8740234375 0.34765625 0.517578125 
0 0.3525390625 0.2373046875 0.36279296875 0.626953125 0.26513671875 0.6376953125 0.2548828125 0.2470703125 
0 0.40283203125 0.2392578125 0.4130859375 0.62890625 0.3154296875 0.6396484375 0.30517578125 0.2490234375 
0 0.41357421875 0.2216796875 0.4609375 0.6015625 0.3662109375 0.6484375 0.31884765625 0.26953125 
0 0.59228515625 0.2509765625 0.5751953125 0.640625 0.47802734375 0.623046875 0.4951171875 0.234375 
