0 0.15380859375 0.33984375 0.20947265625 0.3515625 0.19921875 0.548828125 0.1435546875 0.537109375 
0 0.5595703125 0.3056640625 0.59765625 0.3095703125 0.59033203125 0.5908203125 0.5517578125 0.5859375 
0 0.60302734375 0.3056640625 0.64892578125 0.318359375 0.6298828125 0.5869140625 0.583984375 0.57421875 
0 0.6328125 0.3369140625 0.677734375 0.345703125 0.66552734375 0.58203125 0.6201171875 0.572265625 
0 0.66796875 0.3310546875 0.70947265625 0.3349609375 0.703125 0.580078125 0.66162109375 0.5751953125 
0 0.716796875 0.3486328125 0.78173828125 0.3857421875 0.751953125 0.595703125 0.6865234375 0.55859375 
0 0.77734375 0.30859375 0.83984375 0.3349609375 0.8134765625 0.5791015625 0.75146484375 0.552734375 
0 0.80712890625 0.3232421875 0.865234375 0.3154296875 0.873046875 0.5302734375 0.81494140625 0.5390625 
0 0.7822265625 0.5908203125 0.845703125 0.5400390625 0.8857421875 0.7373046875 0.822265625 0.7880859375 
0 0.654296875 0.630859375 0.71826171875 0.568359375 0.77392578125 0.796875 0.7099609375 0.859375 
0 0.1806640625 0.349609375 0.2412109375 0.326171875 0.26416015625 0.560546875 0.20361328125 0.583984375 
0 0.625 0.61328125 0.6669921875 0.59375 0.6962890625 0.8486328125 0.65478515625 0.8681640625 
0 0.59326171875 0.6142578125 0.63037109375 0.6044921875 0.64794921875 0.853515625 0.61083984375 0.8642578125 
0 0.52685546875 0.61328125 0.5625 0.603515625 0.58056640625 0.8623046875 0.544921875 0.8720703125 
0 0.50244140625 0.6162109375 0.52978515625 0.6083984375 0.54638671875 0.8427734375 0.51904296875 0.8505859375 
0 0.4814453125 0.60546875 0.51318359375 0.6123046875 0.5009765625 0.845703125 0.46923828125 0.8388671875 
0 0.451171875 0.6103515625 0.484375 0.615234375 0.4755859375 0.8701171875 0.4423828125 0.865234375 
0 0.42138671875 0.6025390625 0.466796875 0.6279296875 0.42626953125 0.9091796875 0.38134765625 0.8828125 
0 0.380859375 0.6142578125 0.4208984375 0.62109375 0.40869140625 0.892578125 0.369140625 0.8857421875 
0 0.35302734375 0.6103515625 0.392578125 0.63671875 0.35107421875 0.876953125 0.31201171875 0.8505859375 
0 0.22607421875 0.3759765625 0.287109375 0.345703125 0.31640625 0.5810546875 0.255859375 0.611328125 
0 0.302734375 0.591796875 0.36572265625 0.6533203125 0.31494140625 0.861328125 0.251953125 0.7998046875 
0 0.23876953125 0.5751953125 0.298828125 0.62890625 0.24755859375 0.8603515625 0.18701171875 0.806640625 
0 0.1748046875 0.560546875 0.236328125 0.6025390625 0.2060546875 0.7783203125 0.14453125 0.7353515625 
0 0.287109375 0.3662109375 0.33154296875 0.3525390625 0.35009765625 0.58984375 0.3056640625 0.603515625 
0 0.345703125 0.330078125 0.38623046875 0.3359375 0.376953125 0.599609375 0.33642578125 0.59375 
0 0.36083984375 0.3037109375 0.408203125 0.2919921875 0.42626953125 0.583984375 0.37890625 0.595703125 
0 0.40087890625 0.3271484375 0.44482421875 0.3154296875 0.4638671875 0.5888671875 0.42041015625 0.6005859375 
0 0.44873046875 0.3212890625 0.49853515625 0.3125 0.51025390625 0.580078125 0.46044921875 0.5888671875 
0 0.51611328125 0.298828125 0.56494140625 0.3076171875 0.55224609375 0.59375 0.50390625 0.5849609375 
