0 0.31884765625 0.2060546875 0.27490234375 0.5869140625 0.1796875 0.54296875 0.2236328125 0.162109375 
0 0.59326171875 0.224609375 0.62060546875 0.611328125 0.52392578125 0.638671875 0.49658203125 0.251953125 
0 0.6357421875 0.2001953125 0.64599609375 0.58984375 0.54833984375 0.6005859375 0.5380859375 0.2099609375 
0 0.65625 0.208984375 0.68359375 0.595703125 0.5869140625 0.623046875 0.5595703125 0.236328125 
0 0.6865234375 0.2001953125 0.70361328125 0.5888671875 0.6064453125 0.6064453125 0.58935546875 0.216796875 
0 0.7177734375 0.169921875 0.7451171875 0.556640625 0.6484375 0.583984375 0.62109375 0.197265625 
0 0.8076171875 0.19921875 0.76708984375 0.5810546875 0.67138671875 0.5400390625 0.71240234375 0.158203125 
0 0.80517578125 0.1552734375 0.84619140625 0.537109375 0.75048828125 0.578125 0.7099609375 0.1962890625 
0 0.755859375 0.4755859375 0.83837890625 0.830078125 0.74951171875 0.912109375 0.6669921875 0.55859375 
0 0.70751953125 0.5126953125 0.7646484375 0.88671875 0.67138671875 0.943359375 0.6142578125 0.5703125 
0 0.3154296875 0.18359375 0.349609375 0.568359375 0.25341796875 0.6015625 0.21923828125 0.2177734375 
0 0.666015625 0.533203125 0.7197265625 0.9091796875 0.6259765625 0.962890625 0.57177734375 0.5869140625 
0 0.64111328125 0.5390625 0.66162109375 0.927734375 0.564453125 0.9482421875 0.5439453125 0.5595703125 
0 0.61181640625 0.5517578125 0.6357421875 0.939453125 0.53857421875 0.962890625 0.51513671875 0.5751953125 
0 0.5908203125 0.5419921875 0.60107421875 0.9326171875 0.50341796875 0.9423828125 0.4931640625 0.552734375 
0 0.57568359375 0.5537109375 0.5654296875 0.943359375 0.4677734375 0.93359375 0.47802734375 0.54296875 
0 0.55078125 0.560546875 0.53759765625 0.9501953125 0.43994140625 0.9365234375 0.45361328125 0.546875 
0 0.5263671875 0.552734375 0.51318359375 0.9423828125 0.41552734375 0.9287109375 0.42919921875 0.5390625 
0 0.5078125 0.59765625 0.45703125 0.974609375 0.36279296875 0.923828125 0.4130859375 0.546875 
0 0.4794921875 0.58984375 0.435546875 0.970703125 0.34033203125 0.9267578125 0.38427734375 0.5458984375 
0 0.451171875 0.59375 0.38427734375 0.9609375 0.29248046875 0.89453125 0.359375 0.52734375 
0 0.35546875 0.2119140625 0.40283203125 0.591796875 0.30810546875 0.638671875 0.2607421875 0.259765625 
0 0.4169921875 0.603515625 0.31640625 0.9384765625 0.232421875 0.837890625 0.3330078125 0.5029296875 
0 0.35302734375 0.5966796875 0.2412109375 0.916015625 0.1611328125 0.8046875 0.27294921875 0.484375 
0 0.4306640625 0.2265625 0.42041015625 0.6171875 0.32275390625 0.6064453125 0.3330078125 0.216796875 
0 0.439453125 0.2001953125 0.45654296875 0.5888671875 0.359375 0.6064453125 0.34228515625 0.216796875 
0 0.46142578125 0.1923828125 0.48876953125 0.5791015625 0.39208984375 0.6064453125 0.36474609375 0.2197265625 
0 0.5009765625 0.224609375 0.51416015625 0.6142578125 0.4169921875 0.6279296875 0.4033203125 0.23828125 
0 0.52294921875 0.2314453125 0.55029296875 0.6181640625 0.45361328125 0.6455078125 0.42626953125 0.2587890625 
0 0.56787109375 0.2197265625 0.5849609375 0.6083984375 0.48779296875 0.6259765625 0.470703125 0.236328125 
