0 0.2431640625 0.234375 0.2294921875 0.6240234375 0.13232421875 0.6103515625 0.1455078125 0.220703125 
0 0.625 0.2734375 0.6044921875 0.662109375 0.50732421875 0.6416015625 0.52783203125 0.2529296875 
0 0.66455078125 0.271484375 0.64404296875 0.66015625 0.546875 0.6396484375 0.5673828125 0.2509765625 
0 0.693359375 0.263671875 0.68310546875 0.654296875 0.58544921875 0.6435546875 0.595703125 0.25390625 
0 0.7314453125 0.259765625 0.7177734375 0.6494140625 0.62060546875 0.6357421875 0.6337890625 0.24609375 
0 0.794921875 0.2822265625 0.7509765625 0.6630859375 0.65576171875 0.619140625 0.69970703125 0.23828125 
0 0.84765625 0.26953125 0.80712890625 0.6513671875 0.71142578125 0.6103515625 0.75244140625 0.228515625 
0 0.83203125 0.46484375 0.91796875 0.8154296875 0.830078125 0.9013671875 0.744140625 0.55078125 
0 0.76708984375 0.49609375 0.86181640625 0.837890625 0.7763671875 0.9326171875 0.681640625 0.5908203125 
0 0.71875 0.5361328125 0.7919921875 0.8984375 0.70166015625 0.970703125 0.62841796875 0.609375 
0 0.68603515625 0.544921875 0.7265625 0.9267578125 0.63134765625 0.9677734375 0.59033203125 0.5859375 
0 0.64892578125 0.544921875 0.689453125 0.9267578125 0.59423828125 0.9677734375 0.55322265625 0.5859375 
0 0.61572265625 0.5361328125 0.65283203125 0.919921875 0.55712890625 0.95703125 0.52001953125 0.57421875 
0 0.59228515625 0.5263671875 0.609375 0.916015625 0.51220703125 0.9326171875 0.4951171875 0.5439453125 
0 0.57373046875 0.5341796875 0.56689453125 0.9248046875 0.46923828125 0.91796875 0.47607421875 0.52734375 
0 0.52978515625 0.50390625 0.5703125 0.8857421875 0.47509765625 0.9267578125 0.43408203125 0.544921875 
0 0.501953125 0.51171875 0.54931640625 0.890625 0.45458984375 0.9384765625 0.4072265625 0.55859375 
0 0.47900390625 0.541015625 0.49609375 0.9306640625 0.39892578125 0.947265625 0.3818359375 0.55859375 
0 0.45703125 0.5703125 0.4365234375 0.958984375 0.33935546875 0.9384765625 0.35986328125 0.5498046875 
0 0.4287109375 0.60546875 0.365234375 0.974609375 0.27294921875 0.9111328125 0.33642578125 0.5419921875 
0 0.38330078125 0.595703125 0.30712890625 0.955078125 0.21728515625 0.87890625 0.29345703125 0.51953125 
0 0.2802734375 0.576171875 0.1796875 0.9111328125 0.095703125 0.810546875 0.1962890625 0.4755859375 
0 0.404296875 0.26953125 0.42138671875 0.658203125 0.32421875 0.67578125 0.30712890625 0.2861328125 
0 0.435546875 0.2568359375 0.4560546875 0.6455078125 0.35888671875 0.666015625 0.33837890625 0.27734375 
0 0.470703125 0.25 0.494140625 0.6376953125 0.3974609375 0.6611328125 0.37353515625 0.2734375 
0 0.5859375 0.267578125 0.5654296875 0.65625 0.46826171875 0.6357421875 0.48876953125 0.2470703125 
