0 0.52783203125 0.30859375 0.564453125 0.296875 0.58642578125 0.576171875 0.5498046875 0.587890625 
0 0.58935546875 0.265625 0.630859375 0.271484375 0.62060546875 0.5703125 0.57861328125 0.564453125 
0 0.62646484375 0.291015625 0.6650390625 0.3046875 0.64306640625 0.5546875 0.60400390625 0.541015625 
0 0.6533203125 0.294921875 0.6943359375 0.302734375 0.68359375 0.5478515625 0.642578125 0.541015625 
0 0.69677734375 0.298828125 0.7548828125 0.3173828125 0.736328125 0.5498046875 0.67822265625 0.53125 
0 0.71728515625 0.296875 0.77685546875 0.271484375 0.8017578125 0.5048828125 0.7421875 0.5302734375 
0 0.732421875 0.626953125 0.77978515625 0.53515625 0.8662109375 0.71484375 0.81884765625 0.806640625 
0 0.66796875 0.6416015625 0.7216796875 0.5576171875 0.80078125 0.7607421875 0.7470703125 0.84375 
0 0.20849609375 0.30078125 0.26025390625 0.2802734375 0.283203125 0.517578125 0.2314453125 0.5380859375 
0 0.63720703125 0.6455078125 0.67578125 0.5986328125 0.74267578125 0.8212890625 0.7041015625 0.8681640625 
0 0.56982421875 0.626953125 0.6025390625 0.6015625 0.6513671875 0.8564453125 0.61865234375 0.8818359375 
0 0.53515625 0.6279296875 0.564453125 0.6103515625 0.60009765625 0.841796875 0.5703125 0.859375 
0 0.50439453125 0.6298828125 0.53515625 0.61328125 0.5615234375 0.8115234375 0.53076171875 0.828125 
0 0.4794921875 0.6240234375 0.5107421875 0.62890625 0.50439453125 0.8134765625 0.47314453125 0.8095703125 
0 0.4482421875 0.6298828125 0.47900390625 0.6318359375 0.47509765625 0.8486328125 0.4443359375 0.845703125 
0 0.4072265625 0.62109375 0.443359375 0.6318359375 0.42578125 0.8828125 0.3896484375 0.873046875 
0 0.375 0.62109375 0.41357421875 0.65234375 0.36328125 0.900390625 0.3251953125 0.869140625 
0 0.34619140625 0.603515625 0.38134765625 0.6416015625 0.3203125 0.87109375 0.28515625 0.8330078125 
0 0.27734375 0.3125 0.3466796875 0.3271484375 0.3349609375 0.5478515625 0.265625 0.533203125 
0 0.30810546875 0.55859375 0.3603515625 0.6748046875 0.25244140625 0.869140625 0.2001953125 0.7529296875 
0 0.22802734375 0.5341796875 0.287109375 0.611328125 0.22119140625 0.8134765625 0.16259765625 0.736328125 
0 0.3271484375 0.296875 0.37353515625 0.3017578125 0.3671875 0.55078125 0.3203125 0.5458984375 
0 0.341796875 0.3232421875 0.3837890625 0.30859375 0.4052734375 0.552734375 0.36328125 0.5673828125 
0 0.38037109375 0.3154296875 0.41552734375 0.306640625 0.43212890625 0.578125 0.39697265625 0.5869140625 
0 0.42236328125 0.3447265625 0.4521484375 0.33984375 0.46240234375 0.5810546875 0.43310546875 0.5859375 
0 0.4375 0.3388671875 0.4814453125 0.3203125 0.5087890625 0.5810546875 0.46484375 0.599609375 
0 0.51318359375 0.3134765625 0.556640625 0.3193359375 0.54736328125 0.5947265625 0.50341796875 0.5888671875 
