0 0.63525390625 0.2783203125 0.62158203125 0.66796875 0.5244140625 0.654296875 0.53759765625 0.2646484375 
0 0.67578125 0.244140625 0.66552734375 0.634765625 0.56787109375 0.6240234375 0.578125 0.234375 
0 0.75439453125 0.2744140625 0.70703125 0.6533203125 0.6123046875 0.6064453125 0.65966796875 0.2265625 
0 0.8291015625 0.41015625 0.9267578125 0.748046875 0.84228515625 0.845703125 0.74462890625 0.5078125 
0 0.3125 0.2265625 0.30224609375 0.6171875 0.20458984375 0.6064453125 0.21484375 0.216796875 
0 0.56591796875 0.515625 0.58984375 0.9033203125 0.49267578125 0.9267578125 0.46923828125 0.5390625 
0 0.55322265625 0.5322265625 0.5361328125 0.9208984375 0.43896484375 0.904296875 0.4560546875 0.5146484375 
0 0.5322265625 0.55078125 0.498046875 0.935546875 0.40185546875 0.9013671875 0.43603515625 0.517578125 
0 0.50732421875 0.587890625 0.44677734375 0.9599609375 0.35400390625 0.8994140625 0.41455078125 0.52734375 
0 0.4677734375 0.552734375 0.423828125 0.93359375 0.32861328125 0.8896484375 0.37255859375 0.5087890625 
0 0.43505859375 0.5556640625 0.380859375 0.931640625 0.287109375 0.8779296875 0.3408203125 0.501953125 
0 0.341796875 0.2470703125 0.35888671875 0.6357421875 0.26171875 0.6533203125 0.24462890625 0.263671875 
0 0.30078125 0.5126953125 0.2060546875 0.8544921875 0.12060546875 0.759765625 0.21533203125 0.41796875 
0 0.3837890625 0.234375 0.4072265625 0.6220703125 0.310546875 0.6455078125 0.28662109375 0.2578125 
0 0.44677734375 0.2421875 0.47021484375 0.6298828125 0.37353515625 0.6533203125 0.349609375 0.265625 
0 0.51806640625 0.2744140625 0.49072265625 0.6611328125 0.39404296875 0.6337890625 0.42138671875 0.2470703125 
0 0.515625 0.248046875 0.552734375 0.630859375 0.45703125 0.6689453125 0.419921875 0.28515625 
0 0.60009765625 0.279296875 0.57275390625 0.666015625 0.47607421875 0.638671875 0.50341796875 0.251953125 
