0 0.203125 0.26171875 0.2490234375 0.30859375 0.20751953125 0.4716796875 0.1611328125 0.4248046875 
0 0.544921875 0.33984375 0.58349609375 0.3359375 0.59033203125 0.5859375 0.55126953125 0.58984375 
0 0.6005859375 0.3193359375 0.6416015625 0.3310546875 0.62158203125 0.611328125 0.5810546875 0.599609375 
0 0.6103515625 0.3828125 0.65283203125 0.369140625 0.66943359375 0.5810546875 0.626953125 0.59375 
0 0.65234375 0.3759765625 0.69384765625 0.3681640625 0.7021484375 0.5615234375 0.6611328125 0.5693359375 
0 0.7265625 0.333984375 0.78125 0.35546875 0.76123046875 0.5625 0.7060546875 0.541015625 
0 0.77001953125 0.3369140625 0.83056640625 0.3544921875 0.81640625 0.5546875 0.75634765625 0.537109375 
0 0.796875 0.5751953125 0.857421875 0.5498046875 0.8740234375 0.70703125 0.8134765625 0.7333984375 
0 0.21728515625 0.3232421875 0.2724609375 0.3408203125 0.25439453125 0.5654296875 0.19970703125 0.5478515625 
0 0.61962890625 0.6015625 0.666015625 0.5751953125 0.70166015625 0.826171875 0.6552734375 0.8525390625 
0 0.58642578125 0.599609375 0.6240234375 0.5830078125 0.6494140625 0.8212890625 0.611328125 0.8369140625 
0 0.498046875 0.603515625 0.52783203125 0.595703125 0.54296875 0.8427734375 0.51318359375 0.8505859375 
0 0.4755859375 0.599609375 0.501953125 0.6015625 0.498046875 0.8046875 0.4716796875 0.802734375 
0 0.44677734375 0.6083984375 0.47705078125 0.6103515625 0.4736328125 0.8046875 0.443359375 0.802734375 
0 0.40283203125 0.5908203125 0.44287109375 0.5859375 0.451171875 0.826171875 0.4111328125 0.83203125 
0 0.37353515625 0.58203125 0.41015625 0.5859375 0.40478515625 0.80078125 0.3681640625 0.796875 
0 0.3388671875 0.646484375 0.36865234375 0.6494140625 0.3623046875 0.8876953125 0.33251953125 0.884765625 
0 0.271484375 0.3193359375 0.33642578125 0.337890625 0.3173828125 0.6025390625 0.2529296875 0.5849609375 
0 0.30029296875 0.3603515625 0.34130859375 0.3486328125 0.357421875 0.5771484375 0.31640625 0.5888671875 
0 0.33154296875 0.314453125 0.37744140625 0.3017578125 0.396484375 0.5703125 0.3505859375 0.583984375 
0 0.36572265625 0.3125 0.4072265625 0.2939453125 0.43994140625 0.57421875 0.39794921875 0.59375 
0 0.41845703125 0.3544921875 0.455078125 0.34765625 0.46533203125 0.5771484375 0.42822265625 0.583984375 
0 0.44384765625 0.30078125 0.49169921875 0.2890625 0.509765625 0.5849609375 0.4619140625 0.595703125 
0 0.51953125 0.3203125 0.56494140625 0.330078125 0.55126953125 0.5947265625 0.50537109375 0.5849609375 
