0 0.6220703125 0.248046875 0.59814453125 0.6357421875 0.50146484375 0.6123046875 0.52490234375 0.224609375 
0 0.6337890625 0.1923828125 0.654296875 0.5810546875 0.55712890625 0.6015625 0.53662109375 0.212890625 
0 0.66357421875 0.177734375 0.69775390625 0.5625 0.6015625 0.595703125 0.5673828125 0.2119140625 
0 0.7060546875 0.1796875 0.7333984375 0.56640625 0.63671875 0.59375 0.609375 0.20703125 
0 0.7060546875 0.1796875 0.7333984375 0.56640625 0.63671875 0.59375 0.609375 0.20703125 
0 0.78662109375 0.171875 0.75927734375 0.55859375 0.66259765625 0.53125 0.68994140625 0.14453125 
0 0.8330078125 0.1533203125 0.81591796875 0.54296875 0.71875 0.525390625 0.73583984375 0.13671875 
0 0.77734375 0.41796875 0.8662109375 0.765625 0.77880859375 0.8544921875 0.6904296875 0.505859375 
0 0.71337890625 0.4560546875 0.81396484375 0.791015625 0.72998046875 0.8916015625 0.62939453125 0.556640625 
0 0.32861328125 0.1865234375 0.2880859375 0.568359375 0.1923828125 0.52734375 0.2333984375 0.1455078125 
0 0.6796875 0.4814453125 0.74658203125 0.8486328125 0.65478515625 0.9150390625 0.587890625 0.5478515625 
0 0.6474609375 0.4814453125 0.69775390625 0.8583984375 0.603515625 0.9091796875 0.552734375 0.5322265625 
0 0.61279296875 0.517578125 0.66015625 0.896484375 0.5654296875 0.9443359375 0.51806640625 0.564453125 
0 0.59375 0.53125 0.60400390625 0.921875 0.50634765625 0.931640625 0.49609375 0.5419921875 
0 0.55810546875 0.5283203125 0.58203125 0.916015625 0.48486328125 0.939453125 0.46142578125 0.5517578125 
0 0.541015625 0.5390625 0.5341796875 0.9296875 0.4365234375 0.9228515625 0.443359375 0.5322265625 
0 0.515625 0.548828125 0.4921875 0.9365234375 0.39501953125 0.9130859375 0.4189453125 0.525390625 
0 0.47705078125 0.55078125 0.4638671875 0.9404296875 0.3662109375 0.9267578125 0.3798828125 0.537109375 
0 0.455078125 0.5517578125 0.39453125 0.923828125 0.3017578125 0.86328125 0.3623046875 0.4912109375 
0 0.42236328125 0.5361328125 0.35546875 0.9033203125 0.263671875 0.8369140625 0.33056640625 0.4697265625 
0 0.3330078125 0.1669921875 0.36328125 0.552734375 0.26708984375 0.5830078125 0.236328125 0.197265625 
0 0.38134765625 0.56640625 0.27490234375 0.8935546875 0.19287109375 0.787109375 0.29931640625 0.4599609375 
0 0.3212890625 0.4736328125 0.25439453125 0.8408203125 0.16259765625 0.7744140625 0.2294921875 0.4072265625 
0 0.15625 0.33984375 0.26806640625 0.6591796875 0.18798828125 0.771484375 0.076171875 0.451171875 
0 0.404296875 0.2001953125 0.38720703125 0.58984375 0.2900390625 0.572265625 0.30712890625 0.18359375 
0 0.408203125 0.203125 0.431640625 0.5908203125 0.3349609375 0.6142578125 0.31103515625 0.2265625 
0 0.451171875 0.20703125 0.46435546875 0.5966796875 0.3671875 0.6103515625 0.353515625 0.220703125 
0 0.48046875 0.2314453125 0.49755859375 0.6201171875 0.400390625 0.6376953125 0.38330078125 0.248046875 
0 0.50048828125 0.2314453125 0.53759765625 0.6142578125 0.44189453125 0.65234375 0.40478515625 0.2685546875 
0 0.5927734375 0.2646484375 0.5556640625 0.6484375 0.4599609375 0.6103515625 0.4970703125 0.2275390625 
