0 0.5859375 0.2255859375 0.609375 0.61328125 0.5126953125 0.63671875 0.48876953125 0.2490234375 
0 0.61962890625 0.21875 0.64013671875 0.607421875 0.54296875 0.6279296875 0.5224609375 0.2392578125 
0 0.658203125 0.224609375 0.67138671875 0.6142578125 0.57421875 0.6279296875 0.560546875 0.23828125 
0 0.69140625 0.2236328125 0.70849609375 0.6123046875 0.611328125 0.6298828125 0.59423828125 0.240234375 
0 0.75048828125 0.2138671875 0.740234375 0.6044921875 0.642578125 0.59375 0.65283203125 0.2041015625 
0 0.7578125 0.1533203125 0.80859375 0.5302734375 0.7138671875 0.5810546875 0.66357421875 0.2041015625 
0 0.802734375 0.142578125 0.85693359375 0.5185546875 0.7626953125 0.572265625 0.708984375 0.1962890625 
0 0.7646484375 0.3876953125 0.8740234375 0.7119140625 0.79296875 0.8203125 0.68359375 0.4970703125 
0 0.73486328125 0.44921875 0.79833984375 0.818359375 0.7060546875 0.8818359375 0.642578125 0.5126953125 
0 0.3310546875 0.2060546875 0.29052734375 0.587890625 0.19482421875 0.546875 0.23583984375 0.1650390625 
0 0.6904296875 0.4775390625 0.73095703125 0.859375 0.6357421875 0.900390625 0.5947265625 0.5185546875 
0 0.65283203125 0.4931640625 0.69677734375 0.8740234375 0.6015625 0.91796875 0.5576171875 0.537109375 
0 0.61181640625 0.51171875 0.6689453125 0.8857421875 0.57568359375 0.9423828125 0.5185546875 0.5693359375 
0 0.5927734375 0.49609375 0.61669921875 0.8837890625 0.51953125 0.9072265625 0.49609375 0.51953125 
0 0.56591796875 0.5087890625 0.58984375 0.896484375 0.49267578125 0.919921875 0.46923828125 0.5322265625 
0 0.5400390625 0.5087890625 0.56396484375 0.896484375 0.466796875 0.919921875 0.443359375 0.5322265625 
0 0.50927734375 0.5029296875 0.53662109375 0.8896484375 0.43994140625 0.9169921875 0.41259765625 0.5302734375 
0 0.458984375 0.53125 0.4248046875 0.916015625 0.32861328125 0.8818359375 0.36279296875 0.498046875 
0 0.42236328125 0.5224609375 0.38525390625 0.9052734375 0.28955078125 0.8681640625 0.32666015625 0.484375 
0 0.369140625 0.2021484375 0.35546875 0.591796875 0.25830078125 0.578125 0.271484375 0.1884765625 
0 0.35498046875 0.5400390625 0.240234375 0.85546875 0.16162109375 0.7412109375 0.2763671875 0.4248046875 
0 0.29931640625 0.4599609375 0.20751953125 0.8046875 0.12158203125 0.712890625 0.212890625 0.3681640625 
0 0.421875 0.2548828125 0.384765625 0.638671875 0.2890625 0.6005859375 0.326171875 0.2177734375 
0 0.43701171875 0.2353515625 0.4267578125 0.6259765625 0.3291015625 0.615234375 0.33935546875 0.2255859375 
0 0.470703125 0.2470703125 0.45703125 0.63671875 0.35986328125 0.623046875 0.373046875 0.2333984375 
0 0.47998046875 0.23828125 0.51025390625 0.6240234375 0.4140625 0.654296875 0.38330078125 0.2685546875 
0 0.541015625 0.2490234375 0.52392578125 0.638671875 0.4267578125 0.62109375 0.44384765625 0.232421875 
0 0.57666015625 0.2587890625 0.56298828125 0.6484375 0.4658203125 0.634765625 0.47900390625 0.2451171875 
