0 0.64013671875 0.1943359375 0.61279296875 0.5810546875 0.51611328125 0.5537109375 0.54345703125 0.1669921875 
0 0.6484375 0.189453125 0.66552734375 0.578125 0.568359375 0.595703125 0.55126953125 0.2060546875 
0 0.6748046875 0.177734375 0.7119140625 0.560546875 0.6162109375 0.5986328125 0.5791015625 0.21484375 
0 0.697265625 0.4462890625 0.72802734375 0.83203125 0.63134765625 0.8623046875 0.60107421875 0.4765625 
0 0.6708984375 0.4658203125 0.6845703125 0.85546875 0.5869140625 0.869140625 0.57373046875 0.4794921875 
0 0.634765625 0.4619140625 0.65185546875 0.8515625 0.5546875 0.8681640625 0.53759765625 0.4794921875 
0 0.6015625 0.462890625 0.6220703125 0.8515625 0.52490234375 0.8720703125 0.50439453125 0.4833984375 
0 0.5791015625 0.4638671875 0.5927734375 0.853515625 0.4951171875 0.8671875 0.48193359375 0.4775390625 
0 0.54541015625 0.44921875 0.57275390625 0.8359375 0.47607421875 0.86328125 0.44873046875 0.4765625 
0 0.51171875 0.4541015625 0.5556640625 0.8349609375 0.46044921875 0.87890625 0.41650390625 0.498046875 
0 0.49951171875 0.478515625 0.49267578125 0.869140625 0.39501953125 0.8623046875 0.40185546875 0.4716796875 
0 0.4326171875 0.45703125 0.42236328125 0.8466796875 0.32470703125 0.8369140625 0.3349609375 0.4462890625 
0 0.42236328125 0.158203125 0.4326171875 0.5478515625 0.3349609375 0.55859375 0.32470703125 0.16796875 
0 0.4599609375 0.1435546875 0.47705078125 0.5322265625 0.3798828125 0.5498046875 0.36279296875 0.16015625 
0 0.52197265625 0.19140625 0.498046875 0.5791015625 0.4013671875 0.5556640625 0.4248046875 0.16796875 
0 0.55029296875 0.1875 0.53662109375 0.5771484375 0.439453125 0.5634765625 0.45263671875 0.173828125 
0 0.5732421875 0.173828125 0.59375 0.5625 0.49658203125 0.5830078125 0.47607421875 0.1943359375 
