0 0.62255859375 0.2255859375 0.6357421875 0.615234375 0.53857421875 0.62890625 0.52490234375 0.2392578125 
0 0.68798828125 0.2626953125 0.65087890625 0.646484375 0.55517578125 0.6083984375 0.59228515625 0.2255859375 
0 0.71923828125 0.259765625 0.6953125 0.6474609375 0.5986328125 0.6240234375 0.6220703125 0.236328125 
0 0.7275390625 0.234375 0.748046875 0.623046875 0.65087890625 0.6435546875 0.63037109375 0.2548828125 
0 0.751953125 0.2373046875 0.802734375 0.6142578125 0.7080078125 0.6650390625 0.65771484375 0.2880859375 
0 0.80615234375 0.1982421875 0.84326171875 0.5810546875 0.74755859375 0.619140625 0.71044921875 0.2353515625 
0 0.82275390625 0.1591796875 0.892578125 0.5234375 0.80126953125 0.59375 0.7314453125 0.228515625 
0 0.833984375 0.41796875 0.89111328125 0.7919921875 0.7978515625 0.8486328125 0.74072265625 0.4755859375 
0 0.78662109375 0.484375 0.85009765625 0.853515625 0.7578125 0.9169921875 0.6943359375 0.5478515625 
0 0.30322265625 0.220703125 0.2724609375 0.6064453125 0.17626953125 0.576171875 0.20654296875 0.1904296875 
0 0.6884765625 0.4990234375 0.77099609375 0.853515625 0.68212890625 0.935546875 0.599609375 0.58203125 
0 0.66064453125 0.50390625 0.7177734375 0.8779296875 0.62451171875 0.9345703125 0.5673828125 0.5615234375 
0 0.61865234375 0.51171875 0.6884765625 0.876953125 0.59716796875 0.9462890625 0.52734375 0.58203125 
0 0.5869140625 0.5146484375 0.65380859375 0.8818359375 0.56201171875 0.9482421875 0.4951171875 0.5810546875 
0 0.55810546875 0.498046875 0.61865234375 0.8701171875 0.52587890625 0.9306640625 0.46533203125 0.55859375 
0 0.52978515625 0.4931640625 0.580078125 0.8701171875 0.48583984375 0.9208984375 0.43505859375 0.5439453125 
0 0.49365234375 0.5029296875 0.55712890625 0.8720703125 0.46484375 0.935546875 0.4013671875 0.56640625 
0 0.4873046875 0.54296875 0.4599609375 0.9296875 0.36328125 0.90234375 0.390625 0.515625 
0 0.458984375 0.583984375 0.3955078125 0.953125 0.30322265625 0.8896484375 0.36669921875 0.5205078125 
0 0.41943359375 0.5703125 0.3525390625 0.9375 0.2607421875 0.87109375 0.32763671875 0.50390625 
0 0.32373046875 0.2119140625 0.34716796875 0.599609375 0.25048828125 0.623046875 0.2265625 0.2353515625 
0 0.3740234375 0.6201171875 0.24609375 0.9150390625 0.17236328125 0.787109375 0.30029296875 0.4921875 
0 0.3076171875 0.5703125 0.1669921875 0.841796875 0.09912109375 0.701171875 0.23974609375 0.4296875 
0 0.3740234375 0.228515625 0.39453125 0.6171875 0.29736328125 0.6376953125 0.27685546875 0.2490234375 
0 0.41943359375 0.244140625 0.4296875 0.6337890625 0.33203125 0.64453125 0.32177734375 0.25390625 
0 0.45166015625 0.228515625 0.47216796875 0.6171875 0.375 0.6376953125 0.3544921875 0.2490234375 
0 0.603515625 0.2529296875 0.5830078125 0.6416015625 0.48583984375 0.62109375 0.50634765625 0.232421875 
