0 0.55029296875 0.3310546875 0.58203125 0.333984375 0.578125 0.572265625 0.54638671875 0.5693359375 
0 0.59375 0.3046875 0.63671875 0.318359375 0.61572265625 0.5859375 0.57275390625 0.572265625 
0 0.6435546875 0.328125 0.68994140625 0.3203125 0.7001953125 0.5546875 0.65380859375 0.5625 
0 0.7919921875 0.5703125 0.85595703125 0.6357421875 0.82958984375 0.73828125 0.765625 0.6728515625 
0 0.6953125 0.595703125 0.75732421875 0.5185546875 0.82275390625 0.728515625 0.76123046875 0.8056640625 
0 0.6240234375 0.638671875 0.685546875 0.53515625 0.77783203125 0.7548828125 0.71630859375 0.8583984375 
0 0.59912109375 0.615234375 0.6455078125 0.580078125 0.6953125 0.83984375 0.64892578125 0.875 
0 0.57080078125 0.591796875 0.6123046875 0.5859375 0.6220703125 0.8623046875 0.58056640625 0.8671875 
0 0.53515625 0.5908203125 0.5712890625 0.583984375 0.58349609375 0.8642578125 0.54736328125 0.87109375 
0 0.509765625 0.5927734375 0.54296875 0.59765625 0.53369140625 0.8583984375 0.50048828125 0.853515625 
0 0.47705078125 0.6015625 0.50390625 0.5986328125 0.51220703125 0.8359375 0.4853515625 0.83984375 
0 0.44580078125 0.5849609375 0.48291015625 0.5947265625 0.46484375 0.8525390625 0.427734375 0.841796875 
0 0.40234375 0.59375 0.44384765625 0.599609375 0.4345703125 0.8623046875 0.39306640625 0.8564453125 
0 0.37255859375 0.583984375 0.41455078125 0.6064453125 0.3798828125 0.8662109375 0.337890625 0.84375 
0 0.24951171875 0.361328125 0.31640625 0.34765625 0.3291015625 0.587890625 0.26220703125 0.6025390625 
0 0.29638671875 0.5888671875 0.3701171875 0.6142578125 0.35009765625 0.8427734375 0.2763671875 0.81640625 
0 0.31005859375 0.3583984375 0.35595703125 0.3505859375 0.36572265625 0.5751953125 0.31982421875 0.5830078125 
0 0.349609375 0.3564453125 0.38720703125 0.341796875 0.40576171875 0.53515625 0.36865234375 0.5498046875 
0 0.44091796875 0.314453125 0.47021484375 0.318359375 0.4619140625 0.5625 0.4326171875 0.55859375 
0 0.455078125 0.36328125 0.498046875 0.3564453125 0.50732421875 0.572265625 0.46484375 0.5791015625 
0 0.51806640625 0.341796875 0.55908203125 0.3505859375 0.54736328125 0.5771484375 0.505859375 0.568359375 
