0 0.61181640625 0.318359375 0.65625 0.3388671875 0.62646484375 0.5966796875 0.58203125 0.576171875 
0 0.67822265625 0.322265625 0.72265625 0.3447265625 0.6923828125 0.5888671875 0.64794921875 0.5673828125 
0 0.70947265625 0.3642578125 0.75927734375 0.37109375 0.75341796875 0.5283203125 0.7041015625 0.521484375 
0 0.76806640625 0.52734375 0.83642578125 0.48046875 0.8662109375 0.65234375 0.7978515625 0.69921875 
0 0.71044921875 0.6005859375 0.77490234375 0.5322265625 0.830078125 0.7392578125 0.765625 0.8076171875 
0 0.626953125 0.603515625 0.66845703125 0.576171875 0.7060546875 0.8046875 0.6640625 0.83203125 
0 0.591796875 0.59765625 0.63134765625 0.583984375 0.6494140625 0.783203125 0.609375 0.7978515625 
0 0.5458984375 0.599609375 0.591796875 0.5751953125 0.625 0.826171875 0.57958984375 0.8505859375 
0 0.53466796875 0.58203125 0.56787109375 0.58984375 0.55712890625 0.7900390625 0.52392578125 0.783203125 
0 0.50537109375 0.58984375 0.5322265625 0.5849609375 0.541015625 0.783203125 0.51416015625 0.7880859375 
0 0.47607421875 0.5908203125 0.5087890625 0.5859375 0.515625 0.775390625 0.48291015625 0.7802734375 
0 0.44873046875 0.59375 0.478515625 0.58984375 0.4853515625 0.779296875 0.45556640625 0.783203125 
0 0.41748046875 0.5859375 0.4619140625 0.6005859375 0.44384765625 0.828125 0.3994140625 0.8134765625 
0 0.3818359375 0.57421875 0.42138671875 0.5888671875 0.39794921875 0.8291015625 0.3583984375 0.8134765625 
0 0.34423828125 0.5703125 0.38720703125 0.59375 0.3564453125 0.8251953125 0.31298828125 0.8017578125 
0 0.25390625 0.3759765625 0.30322265625 0.3671875 0.31103515625 0.5439453125 0.26123046875 0.5517578125 
0 0.296875 0.5107421875 0.3623046875 0.5859375 0.29638671875 0.814453125 0.23095703125 0.73828125 
0 0.2216796875 0.517578125 0.28515625 0.5732421875 0.240234375 0.7744140625 0.17724609375 0.7177734375 
0 0.33447265625 0.34765625 0.37353515625 0.333984375 0.392578125 0.55078125 0.35400390625 0.564453125 
0 0.5205078125 0.3359375 0.56640625 0.3466796875 0.5517578125 0.5869140625 0.505859375 0.5751953125 
