0 0.6337890625 0.2685546875 0.6064453125 0.6552734375 0.509765625 0.6279296875 0.537109375 0.2412109375 
0 0.658203125 0.26171875 0.64794921875 0.65234375 0.55029296875 0.6416015625 0.560546875 0.251953125 
0 0.69384765625 0.2841796875 0.66650390625 0.6708984375 0.56982421875 0.6435546875 0.59716796875 0.2568359375 
0 0.7265625 0.283203125 0.70263671875 0.6708984375 0.60595703125 0.6474609375 0.62939453125 0.259765625 
0 0.74169921875 0.255859375 0.76904296875 0.642578125 0.67236328125 0.669921875 0.64501953125 0.283203125 
0 0.794921875 0.2626953125 0.818359375 0.650390625 0.7216796875 0.673828125 0.69775390625 0.2861328125 
0 0.73681640625 0.5302734375 0.7841796875 0.9091796875 0.689453125 0.95703125 0.64208984375 0.5771484375 
0 0.3310546875 0.2431640625 0.3037109375 0.6298828125 0.20703125 0.6025390625 0.234375 0.2158203125 
0 0.69140625 0.5537109375 0.7353515625 0.9345703125 0.64013671875 0.978515625 0.59619140625 0.59765625 
0 0.6416015625 0.5439453125 0.68896484375 0.9228515625 0.59423828125 0.970703125 0.546875 0.5908203125 
0 0.61474609375 0.5546875 0.6455078125 0.9404296875 0.548828125 0.970703125 0.5185546875 0.5849609375 
0 0.6015625 0.5517578125 0.58447265625 0.9404296875 0.4873046875 0.923828125 0.50439453125 0.5341796875 
0 0.55810546875 0.5322265625 0.58203125 0.919921875 0.48486328125 0.943359375 0.46142578125 0.5556640625 
0 0.533203125 0.5361328125 0.546875 0.92578125 0.44921875 0.939453125 0.43603515625 0.5498046875 
0 0.515625 0.5654296875 0.49853515625 0.9541015625 0.4013671875 0.9375 0.41845703125 0.5478515625 
0 0.48486328125 0.583984375 0.46142578125 0.9716796875 0.3642578125 0.9482421875 0.38818359375 0.560546875 
0 0.443359375 0.5732421875 0.43017578125 0.962890625 0.33251953125 0.94921875 0.34619140625 0.5595703125 
0 0.33203125 0.240234375 0.3759765625 0.62109375 0.28076171875 0.6650390625 0.23681640625 0.2841796875 
0 0.41064453125 0.6640625 0.27490234375 0.9453125 0.20458984375 0.8095703125 0.34033203125 0.5283203125 
0 0.345703125 0.609375 0.22265625 0.9130859375 0.14697265625 0.7900390625 0.26953125 0.486328125 
0 0.3955078125 0.26171875 0.416015625 0.650390625 0.31884765625 0.6708984375 0.29833984375 0.2822265625 
0 0.4013671875 0.2177734375 0.45556640625 0.59375 0.361328125 0.6474609375 0.3076171875 0.271484375 
0 0.45458984375 0.236328125 0.4716796875 0.625 0.37451171875 0.642578125 0.357421875 0.2529296875 
0 0.498046875 0.2421875 0.50830078125 0.6318359375 0.41064453125 0.642578125 0.400390625 0.251953125 
0 0.54541015625 0.2509765625 0.53857421875 0.6416015625 0.44091796875 0.634765625 0.44775390625 0.244140625 
0 0.599609375 0.2724609375 0.5654296875 0.65625 0.46923828125 0.623046875 0.50341796875 0.23828125 
