0 0.56201171875 0.388671875 0.6015625 0.396484375 0.59228515625 0.6103515625 0.552734375 0.603515625 
0 0.60400390625 0.37890625 0.650390625 0.3984375 0.62646484375 0.6259765625 0.580078125 0.6064453125 
0 0.6337890625 0.40625 0.67578125 0.4150390625 0.66552734375 0.6142578125 0.623046875 0.60546875 
0 0.65869140625 0.38671875 0.7041015625 0.3916015625 0.69873046875 0.59375 0.6533203125 0.5888671875 
0 0.76806640625 0.365234375 0.8271484375 0.3916015625 0.8037109375 0.59375 0.74462890625 0.56640625 
0 0.716796875 0.6279296875 0.7763671875 0.5830078125 0.8203125 0.8115234375 0.7607421875 0.857421875 
0 0.630859375 0.669921875 0.70458984375 0.5703125 0.779296875 0.791015625 0.705078125 0.8916015625 
0 0.19189453125 0.3720703125 0.24951171875 0.345703125 0.27392578125 0.556640625 0.21630859375 0.5830078125 
0 0.6123046875 0.6552734375 0.66259765625 0.623046875 0.7021484375 0.8642578125 0.6513671875 0.8974609375 
0 0.57568359375 0.650390625 0.61865234375 0.630859375 0.64501953125 0.8583984375 0.6015625 0.8779296875 
0 0.55126953125 0.6298828125 0.595703125 0.640625 0.57958984375 0.9033203125 0.53515625 0.892578125 
0 0.53125 0.615234375 0.5693359375 0.6357421875 0.5361328125 0.8837890625 0.498046875 0.86328125 
0 0.501953125 0.6025390625 0.53515625 0.6142578125 0.51513671875 0.8408203125 0.48193359375 0.8291015625 
0 0.47265625 0.607421875 0.5029296875 0.6103515625 0.49853515625 0.8564453125 0.46826171875 0.8544921875 
0 0.443359375 0.5986328125 0.48046875 0.607421875 0.4658203125 0.8505859375 0.42822265625 0.841796875 
0 0.41552734375 0.603515625 0.45751953125 0.61328125 0.43994140625 0.900390625 0.39794921875 0.8896484375 
0 0.38720703125 0.58984375 0.4365234375 0.625 0.39404296875 0.857421875 0.3447265625 0.8212890625 
0 0.3544921875 0.5791015625 0.40185546875 0.611328125 0.3603515625 0.853515625 0.31298828125 0.8203125 
0 0.25146484375 0.3837890625 0.3115234375 0.3583984375 0.33349609375 0.5625 0.27294921875 0.587890625 
0 0.31982421875 0.5439453125 0.37890625 0.6328125 0.2958984375 0.8525390625 0.2373046875 0.763671875 
0 0.24755859375 0.556640625 0.30419921875 0.6220703125 0.248046875 0.81640625 0.19140625 0.7509765625 
0 0.1875 0.517578125 0.2529296875 0.595703125 0.19384765625 0.79296875 0.12841796875 0.7138671875 
0 0.33154296875 0.34375 0.37451171875 0.3505859375 0.36572265625 0.5537109375 0.32275390625 0.5458984375 
0 0.3603515625 0.3466796875 0.40185546875 0.3544921875 0.392578125 0.5693359375 0.35107421875 0.5615234375 
0 0.39306640625 0.3447265625 0.43408203125 0.34765625 0.43017578125 0.576171875 0.38916015625 0.5732421875 
0 0.43212890625 0.3876953125 0.47119140625 0.390625 0.4677734375 0.583984375 0.4287109375 0.5810546875 
0 0.4755859375 0.384765625 0.52001953125 0.392578125 0.51123046875 0.5966796875 0.466796875 0.5888671875 
0 0.521484375 0.357421875 0.5732421875 0.3681640625 0.56103515625 0.6064453125 0.5087890625 0.595703125 
