0 0.197265625 0.2353515625 0.24462890625 0.265625 0.21728515625 0.4345703125 0.169921875 0.404296875 
0 0.56298828125 0.32421875 0.5986328125 0.3349609375 0.5810546875 0.5849609375 0.54541015625 0.5751953125 
0 0.58984375 0.291015625 0.6328125 0.298828125 0.61962890625 0.595703125 0.57666015625 0.5888671875 
0 0.6171875 0.3056640625 0.6630859375 0.30859375 0.65869140625 0.56640625 0.61279296875 0.5634765625 
0 0.6396484375 0.3115234375 0.68310546875 0.3037109375 0.69384765625 0.55078125 0.650390625 0.5576171875 
0 0.6689453125 0.28125 0.724609375 0.263671875 0.7451171875 0.5263671875 0.68994140625 0.5439453125 
0 0.7177734375 0.2724609375 0.7744140625 0.240234375 0.8056640625 0.4609375 0.74951171875 0.4931640625 
0 0.72412109375 0.537109375 0.78759765625 0.451171875 0.8544921875 0.6494140625 0.791015625 0.7353515625 
0 0.65478515625 0.5791015625 0.71484375 0.4892578125 0.7919921875 0.6953125 0.732421875 0.78515625 
0 0.2275390625 0.259765625 0.28955078125 0.275390625 0.27734375 0.47265625 0.21533203125 0.4580078125 
0 0.61376953125 0.5859375 0.65283203125 0.53125 0.7314453125 0.755859375 0.6923828125 0.810546875 
0 0.58154296875 0.6142578125 0.62255859375 0.5615234375 0.68798828125 0.76171875 0.64697265625 0.8154296875 
0 0.54931640625 0.6279296875 0.5849609375 0.5908203125 0.63818359375 0.791015625 0.60302734375 0.8291015625 
0 0.5322265625 0.599609375 0.56640625 0.5888671875 0.58056640625 0.763671875 0.54638671875 0.7744140625 
0 0.5078125 0.6015625 0.5341796875 0.59375 0.5458984375 0.7392578125 0.51904296875 0.748046875 
0 0.47998046875 0.6064453125 0.50830078125 0.595703125 0.521484375 0.748046875 0.49365234375 0.7578125 
0 0.44921875 0.607421875 0.4794921875 0.595703125 0.49609375 0.765625 0.4658203125 0.77734375 
0 0.42138671875 0.59375 0.46435546875 0.6220703125 0.4326171875 0.81640625 0.3896484375 0.7890625 
0 0.39306640625 0.5556640625 0.4365234375 0.6064453125 0.37939453125 0.8037109375 0.3359375 0.75390625 
0 0.3662109375 0.5107421875 0.40625 0.5751953125 0.31494140625 0.7998046875 0.275390625 0.7353515625 
0 0.28271484375 0.3056640625 0.349609375 0.32421875 0.33447265625 0.5380859375 0.26806640625 0.51953125 
0 0.240234375 0.419921875 0.2958984375 0.53125 0.2060546875 0.7119140625 0.150390625 0.6005859375 
0 0.1171875 0.4375 0.1826171875 0.384765625 0.228515625 0.609375 0.16259765625 0.6630859375 
0 0.34130859375 0.2978515625 0.38916015625 0.3076171875 0.376953125 0.5380859375 0.3291015625 0.5283203125 
0 0.3681640625 0.30859375 0.4189453125 0.314453125 0.41259765625 0.560546875 0.36181640625 0.5556640625 
0 0.38720703125 0.3095703125 0.43310546875 0.296875 0.45166015625 0.5634765625 0.40576171875 0.576171875 
0 0.443359375 0.333984375 0.48388671875 0.3408203125 0.4736328125 0.578125 0.43310546875 0.5712890625 
0 0.46240234375 0.33203125 0.51123046875 0.326171875 0.517578125 0.578125 0.46875 0.5830078125 
0 0.533203125 0.3134765625 0.580078125 0.3349609375 0.55029296875 0.5947265625 0.5029296875 0.5732421875 
