0 0.5244140625 0.2900390625 0.56640625 0.275390625 0.59130859375 0.5595703125 0.54931640625 0.57421875 
0 0.56298828125 0.3125 0.6083984375 0.294921875 0.63330078125 0.5556640625 0.58837890625 0.5732421875 
0 0.61181640625 0.3388671875 0.662109375 0.326171875 0.67529296875 0.5400390625 0.62451171875 0.5517578125 
0 0.67578125 0.2880859375 0.74755859375 0.30078125 0.73681640625 0.5478515625 0.66455078125 0.53515625 
0 0.716796875 0.298828125 0.78173828125 0.2734375 0.8037109375 0.501953125 0.7392578125 0.52734375 
0 0.77978515625 0.298828125 0.83544921875 0.275390625 0.85693359375 0.478515625 0.80126953125 0.5029296875 
0 0.8046875 0.4970703125 0.87890625 0.478515625 0.89208984375 0.6904296875 0.81787109375 0.708984375 
0 0.73046875 0.5498046875 0.7939453125 0.4765625 0.859375 0.703125 0.7958984375 0.7763671875 
0 0.6708984375 0.5654296875 0.73388671875 0.5009765625 0.7939453125 0.734375 0.73046875 0.798828125 
0 0.177734375 0.2705078125 0.23876953125 0.3125 0.2041015625 0.515625 0.14306640625 0.4736328125 
0 0.6376953125 0.568359375 0.69091796875 0.541015625 0.720703125 0.77734375 0.6669921875 0.8037109375 
0 0.59814453125 0.5830078125 0.64306640625 0.55859375 0.67236328125 0.7802734375 0.6279296875 0.8046875 
0 0.5654296875 0.5986328125 0.60302734375 0.5791015625 0.6376953125 0.8369140625 0.60009765625 0.857421875 
0 0.53271484375 0.58984375 0.572265625 0.578125 0.587890625 0.7978515625 0.54833984375 0.8095703125 
0 0.50390625 0.583984375 0.53564453125 0.576171875 0.54833984375 0.7783203125 0.51611328125 0.7861328125 
0 0.47216796875 0.5859375 0.5068359375 0.580078125 0.51611328125 0.7919921875 0.4814453125 0.7978515625 
0 0.44140625 0.5830078125 0.47802734375 0.572265625 0.49462890625 0.810546875 0.4580078125 0.8203125 
0 0.408203125 0.5625 0.45458984375 0.5869140625 0.41748046875 0.8623046875 0.37109375 0.837890625 
0 0.36669921875 0.5517578125 0.4150390625 0.5693359375 0.39501953125 0.798828125 0.34619140625 0.78125 
0 0.3291015625 0.533203125 0.38232421875 0.5693359375 0.3388671875 0.8212890625 0.28564453125 0.78515625 
0 0.22119140625 0.28515625 0.2900390625 0.3017578125 0.27587890625 0.533203125 0.20703125 0.5166015625 
0 0.275390625 0.4912109375 0.341796875 0.5703125 0.2666015625 0.8203125 0.20068359375 0.740234375 
0 0.19091796875 0.501953125 0.27099609375 0.5380859375 0.2431640625 0.779296875 0.16357421875 0.7421875 
0 0.09130859375 0.6083984375 0.15966796875 0.51953125 0.21240234375 0.6826171875 0.14404296875 0.771484375 
0 0.27001953125 0.326171875 0.3408203125 0.314453125 0.3505859375 0.5322265625 0.279296875 0.5439453125 
0 0.3486328125 0.29296875 0.400390625 0.3037109375 0.3876953125 0.5458984375 0.3359375 0.53515625 
0 0.3583984375 0.2587890625 0.40869140625 0.2451171875 0.43017578125 0.5517578125 0.3798828125 0.5654296875 
0 0.42529296875 0.30859375 0.46923828125 0.314453125 0.46044921875 0.5615234375 0.41650390625 0.5556640625 
0 0.44482421875 0.32421875 0.49755859375 0.3173828125 0.50634765625 0.568359375 0.45361328125 0.576171875 
0 0.5166015625 0.30078125 0.57373046875 0.3232421875 0.5478515625 0.58984375 0.49072265625 0.5673828125 
