0 0.6279296875 0.25 0.61083984375 0.6396484375 0.513671875 0.6220703125 0.53076171875 0.2333984375 
0 0.71435546875 0.2958984375 0.68359375 0.681640625 0.58740234375 0.6513671875 0.61767578125 0.265625 
0 0.74755859375 0.2998046875 0.72705078125 0.6884765625 0.6298828125 0.66796875 0.650390625 0.279296875 
0 0.85205078125 0.345703125 0.78515625 0.712890625 0.693359375 0.646484375 0.76025390625 0.279296875 
0 0.78857421875 0.5263671875 0.85205078125 0.8955078125 0.759765625 0.958984375 0.6962890625 0.58984375 
0 0.7646484375 0.5927734375 0.7412109375 0.98046875 0.64404296875 0.95703125 0.66796875 0.5693359375 
0 0.25732421875 0.2802734375 0.29443359375 0.6630859375 0.19873046875 0.701171875 0.16162109375 0.3173828125 
0 0.6826171875 0.5517578125 0.72998046875 0.9306640625 0.63525390625 0.978515625 0.587890625 0.5986328125 
0 0.67333984375 0.5830078125 0.66015625 0.97265625 0.5625 0.958984375 0.576171875 0.5693359375 
0 0.63916015625 0.5771484375 0.61865234375 0.9658203125 0.521484375 0.9453125 0.5419921875 0.556640625 
0 0.60302734375 0.556640625 0.58984375 0.9462890625 0.4921875 0.9326171875 0.505859375 0.54296875 
0 0.57568359375 0.5546875 0.5625 0.9443359375 0.46484375 0.9306640625 0.478515625 0.541015625 
0 0.5498046875 0.533203125 0.53955078125 0.9228515625 0.44189453125 0.9130859375 0.4521484375 0.5224609375 
0 0.51220703125 0.5224609375 0.53271484375 0.9111328125 0.435546875 0.931640625 0.4150390625 0.54296875 
0 0.49169921875 0.5732421875 0.47119140625 0.9619140625 0.3740234375 0.94140625 0.39453125 0.552734375 
0 0.4306640625 0.5546875 0.47119140625 0.9365234375 0.3759765625 0.9775390625 0.3349609375 0.595703125 
0 0.44677734375 0.6123046875 0.3642578125 0.9658203125 0.275390625 0.8837890625 0.35791015625 0.529296875 
0 0.2900390625 0.271484375 0.35693359375 0.638671875 0.26513671875 0.705078125 0.1982421875 0.337890625 
0 0.39208984375 0.6298828125 0.30615234375 0.98046875 0.21826171875 0.89453125 0.30419921875 0.5439453125 
0 0.32275390625 0.6376953125 0.22802734375 0.9794921875 0.142578125 0.884765625 0.2373046875 0.54296875 
0 0.40380859375 0.2744140625 0.42431640625 0.6630859375 0.3271484375 0.68359375 0.306640625 0.294921875 
0 0.43017578125 0.2119140625 0.47119140625 0.59375 0.37548828125 0.634765625 0.3349609375 0.2529296875 
0 0.47265625 0.2470703125 0.5068359375 0.6318359375 0.41064453125 0.6650390625 0.37646484375 0.28125 
0 0.505859375 0.234375 0.5498046875 0.615234375 0.45458984375 0.6591796875 0.41064453125 0.2783203125 
0 0.61181640625 0.2666015625 0.564453125 0.6455078125 0.4697265625 0.5986328125 0.51708984375 0.21875 
