0 0.1767578125 0.2900390625 0.2314453125 0.3154296875 0.21435546875 0.4609375 0.15966796875 0.435546875 
0 0.525390625 0.3349609375 0.56201171875 0.3310546875 0.568359375 0.5732421875 0.53173828125 0.576171875 
0 0.57421875 0.3193359375 0.61474609375 0.3291015625 0.60009765625 0.5703125 0.5595703125 0.560546875 
0 0.5986328125 0.3046875 0.65234375 0.318359375 0.63720703125 0.55859375 0.583984375 0.544921875 
0 0.6259765625 0.3251953125 0.67529296875 0.322265625 0.67919921875 0.55078125 0.6298828125 0.5537109375 
0 0.68310546875 0.318359375 0.74755859375 0.3388671875 0.73046875 0.5556640625 0.66552734375 0.53515625 
0 0.73828125 0.2978515625 0.80078125 0.3173828125 0.783203125 0.5361328125 0.72119140625 0.515625 
0 0.76171875 0.2900390625 0.82421875 0.2587890625 0.849609375 0.462890625 0.787109375 0.494140625 
0 0.78662109375 0.4970703125 0.85595703125 0.4755859375 0.86865234375 0.634765625 0.79931640625 0.65625 
0 0.72265625 0.5751953125 0.77734375 0.4951171875 0.83984375 0.666015625 0.78466796875 0.74609375 
0 0.65283203125 0.6083984375 0.7109375 0.5244140625 0.783203125 0.72265625 0.72509765625 0.8076171875 
0 0.2080078125 0.314453125 0.26171875 0.30078125 0.2734375 0.4970703125 0.2197265625 0.509765625 
0 0.619140625 0.5947265625 0.66455078125 0.5654296875 0.70263671875 0.798828125 0.6572265625 0.828125 
0 0.58642578125 0.5947265625 0.62744140625 0.58203125 0.6435546875 0.7841796875 0.6025390625 0.7978515625 
0 0.55029296875 0.58984375 0.5888671875 0.57421875 0.6142578125 0.8125 0.57568359375 0.8291015625 
0 0.5263671875 0.599609375 0.56005859375 0.58984375 0.57470703125 0.802734375 0.54150390625 0.8115234375 
0 0.50146484375 0.6025390625 0.5322265625 0.5947265625 0.54345703125 0.7783203125 0.5126953125 0.78515625 
0 0.4794921875 0.5986328125 0.50537109375 0.6015625 0.4990234375 0.783203125 0.47314453125 0.779296875 
0 0.44482421875 0.6025390625 0.47998046875 0.595703125 0.49072265625 0.7939453125 0.455078125 0.8017578125 
0 0.42138671875 0.576171875 0.45849609375 0.591796875 0.4326171875 0.8349609375 0.3955078125 0.818359375 
0 0.3828125 0.5888671875 0.42236328125 0.6015625 0.40576171875 0.8115234375 0.3662109375 0.798828125 
0 0.345703125 0.5625 0.3896484375 0.5908203125 0.353515625 0.8134765625 0.3095703125 0.78515625 
0 0.2783203125 0.3349609375 0.3349609375 0.3486328125 0.3232421875 0.5390625 0.2666015625 0.525390625 
0 0.2998046875 0.5078125 0.35791015625 0.583984375 0.29052734375 0.7900390625 0.232421875 0.71484375 
0 0.22216796875 0.4833984375 0.29345703125 0.5380859375 0.25537109375 0.736328125 0.18408203125 0.681640625 
0 0.177734375 0.4462890625 0.2314453125 0.4970703125 0.18994140625 0.6728515625 0.13671875 0.623046875 
0 0.3271484375 0.33984375 0.3662109375 0.34375 0.36083984375 0.546875 0.32177734375 0.5419921875 
0 0.337890625 0.3349609375 0.38623046875 0.322265625 0.40234375 0.55078125 0.35400390625 0.564453125 
0 0.3740234375 0.3388671875 0.4140625 0.328125 0.43017578125 0.5615234375 0.390625 0.5732421875 
0 0.41259765625 0.3466796875 0.45068359375 0.337890625 0.46484375 0.568359375 0.4267578125 0.5771484375 
0 0.458984375 0.3271484375 0.5 0.330078125 0.49560546875 0.583984375 0.45458984375 0.5810546875 
0 0.49755859375 0.326171875 0.54541015625 0.3310546875 0.53857421875 0.5859375 0.49072265625 0.5810546875 
