0 0.29248046875 0.205078125 0.24853515625 0.5859375 0.1533203125 0.5419921875 0.197265625 0.1611328125 
0 0.57861328125 0.2265625 0.60888671875 0.6123046875 0.5126953125 0.642578125 0.48193359375 0.2568359375 
0 0.6279296875 0.2314453125 0.63818359375 0.62109375 0.54052734375 0.6318359375 0.5302734375 0.2412109375 
0 0.6796875 0.208984375 0.720703125 0.5908203125 0.625 0.6318359375 0.58447265625 0.25 
0 0.8095703125 0.251953125 0.75244140625 0.6259765625 0.6591796875 0.568359375 0.71630859375 0.1953125 
0 0.8134765625 0.1865234375 0.83056640625 0.5751953125 0.7333984375 0.5927734375 0.71630859375 0.203125 
0 0.8369140625 0.3837890625 0.9130859375 0.7431640625 0.8232421875 0.8193359375 0.7470703125 0.4599609375 
0 0.7626953125 0.4287109375 0.86328125 0.763671875 0.779296875 0.8642578125 0.6787109375 0.529296875 
0 0.6982421875 0.474609375 0.8046875 0.8017578125 0.72265625 0.908203125 0.6162109375 0.5810546875 
0 0.32421875 0.21875 0.30712890625 0.6083984375 0.2099609375 0.5908203125 0.22705078125 0.2021484375 
0 0.67529296875 0.4951171875 0.7255859375 0.8720703125 0.63134765625 0.9228515625 0.58056640625 0.5458984375 
0 0.65478515625 0.51953125 0.6787109375 0.9072265625 0.58154296875 0.9306640625 0.55810546875 0.54296875 
0 0.62158203125 0.5283203125 0.638671875 0.91796875 0.54150390625 0.9345703125 0.5244140625 0.5458984375 
0 0.58935546875 0.5126953125 0.60986328125 0.9013671875 0.5126953125 0.921875 0.4921875 0.533203125 
0 0.56591796875 0.51953125 0.5830078125 0.9091796875 0.48583984375 0.92578125 0.46875 0.537109375 
0 0.5556640625 0.5478515625 0.525390625 0.93359375 0.4287109375 0.9033203125 0.45947265625 0.517578125 
0 0.5283203125 0.5546875 0.5048828125 0.9423828125 0.40771484375 0.9189453125 0.431640625 0.53125 
0 0.50146484375 0.560546875 0.46435546875 0.943359375 0.36865234375 0.90625 0.40576171875 0.5224609375 
0 0.46826171875 0.583984375 0.4111328125 0.95703125 0.31787109375 0.900390625 0.375 0.5263671875 
0 0.43798828125 0.578125 0.3681640625 0.9423828125 0.27685546875 0.873046875 0.3466796875 0.5078125 
0 0.39990234375 0.2509765625 0.34619140625 0.626953125 0.251953125 0.5732421875 0.30615234375 0.197265625 
0 0.39794921875 0.5546875 0.3154296875 0.908203125 0.2265625 0.826171875 0.30908203125 0.4716796875 
0 0.34521484375 0.533203125 0.24755859375 0.87109375 0.1630859375 0.7734375 0.2607421875 0.435546875 
0 0.28125 0.4384765625 0.220703125 0.810546875 0.1279296875 0.75 0.1884765625 0.3779296875 
0 0.443359375 0.1533203125 0.37646484375 0.5205078125 0.28466796875 0.4541015625 0.3515625 0.0869140625 
0 0.4521484375 0.28125 0.3916015625 0.6533203125 0.298828125 0.5927734375 0.359375 0.220703125 
0 0.4609375 0.2529296875 0.4404296875 0.6416015625 0.34326171875 0.62109375 0.36376953125 0.232421875 
0 0.5009765625 0.2509765625 0.4736328125 0.6376953125 0.376953125 0.6103515625 0.404296875 0.2236328125 
0 0.53515625 0.244140625 0.51123046875 0.6318359375 0.41455078125 0.6083984375 0.43798828125 0.220703125 
0 0.5537109375 0.23046875 0.56689453125 0.6201171875 0.4697265625 0.6337890625 0.4560546875 0.244140625 
