0 0.54345703125 0.35546875 0.58154296875 0.3525390625 0.58544921875 0.5810546875 0.54736328125 0.583984375 
0 0.59912109375 0.3125 0.642578125 0.3271484375 0.6201171875 0.583984375 0.57666015625 0.5693359375 
0 0.6201171875 0.326171875 0.67041015625 0.33203125 0.6640625 0.5712890625 0.61376953125 0.56640625 
0 0.65283203125 0.349609375 0.697265625 0.34375 0.705078125 0.55859375 0.66015625 0.564453125 
0 0.69384765625 0.328125 0.74951171875 0.3203125 0.75732421875 0.5546875 0.7021484375 0.5625 
0 0.76953125 0.298828125 0.82861328125 0.31640625 0.8125 0.546875 0.7529296875 0.5302734375 
0 0.77978515625 0.5400390625 0.84619140625 0.501953125 0.87353515625 0.6943359375 0.80712890625 0.7314453125 
0 0.71142578125 0.5966796875 0.779296875 0.5361328125 0.828125 0.7548828125 0.76025390625 0.8154296875 
0 0.63671875 0.654296875 0.69970703125 0.548828125 0.7841796875 0.75 0.72119140625 0.85546875 
0 0.1669921875 0.3740234375 0.22802734375 0.3388671875 0.255859375 0.5322265625 0.19482421875 0.56640625 
0 0.54638671875 0.6142578125 0.58642578125 0.6064453125 0.6005859375 0.880859375 0.56103515625 0.8896484375 
0 0.5263671875 0.599609375 0.5615234375 0.611328125 0.54443359375 0.8271484375 0.50927734375 0.81640625 
0 0.49365234375 0.607421875 0.5263671875 0.6025390625 0.5361328125 0.826171875 0.50341796875 0.83203125 
0 0.47216796875 0.6025390625 0.498046875 0.59765625 0.50634765625 0.7958984375 0.48095703125 0.80078125 
0 0.41357421875 0.6044921875 0.45166015625 0.6142578125 0.435546875 0.876953125 0.3974609375 0.8671875 
0 0.3759765625 0.599609375 0.4189453125 0.611328125 0.40283203125 0.8369140625 0.3603515625 0.82421875 
0 0.2353515625 0.33984375 0.30029296875 0.326171875 0.3125 0.556640625 0.2470703125 0.5703125 
0 0.22509765625 0.5546875 0.2861328125 0.6123046875 0.23583984375 0.8291015625 0.1748046875 0.771484375 
0 0.15771484375 0.5126953125 0.2333984375 0.630859375 0.17041015625 0.7919921875 0.0947265625 0.673828125 
0 0.3095703125 0.34375 0.359375 0.3505859375 0.3515625 0.57421875 0.3017578125 0.5673828125 
0 0.330078125 0.375 0.37841796875 0.359375 0.39501953125 0.5673828125 0.3466796875 0.5830078125 
0 0.36181640625 0.3193359375 0.41259765625 0.3037109375 0.4345703125 0.5791015625 0.3837890625 0.595703125 
0 0.43017578125 0.369140625 0.46728515625 0.3740234375 0.46044921875 0.5732421875 0.42333984375 0.568359375 
0 0.447265625 0.326171875 0.49072265625 0.3154296875 0.5068359375 0.5771484375 0.46337890625 0.587890625 
0 0.51416015625 0.3212890625 0.55810546875 0.3291015625 0.54638671875 0.59375 0.50244140625 0.5859375 
