0 0.17578125 0.333984375 0.22705078125 0.3251953125 0.234375 0.4931640625 0.18310546875 0.501953125 
0 0.51904296875 0.345703125 0.5595703125 0.3369140625 0.5712890625 0.55859375 0.53076171875 0.5673828125 
0 0.5556640625 0.3515625 0.59619140625 0.3427734375 0.60791015625 0.5625 0.56689453125 0.5712890625 
0 0.59814453125 0.31640625 0.646484375 0.3232421875 0.638671875 0.5517578125 0.59033203125 0.544921875 
0 0.6650390625 0.3583984375 0.72509765625 0.3505859375 0.7314453125 0.5341796875 0.67138671875 0.54296875 
0 0.73828125 0.3115234375 0.79541015625 0.3291015625 0.7783203125 0.5439453125 0.7216796875 0.525390625 
0 0.765625 0.51953125 0.82763671875 0.4814453125 0.8564453125 0.66796875 0.7939453125 0.7060546875 
0 0.7119140625 0.552734375 0.77392578125 0.51953125 0.80224609375 0.73046875 0.740234375 0.763671875 
0 0.6259765625 0.5908203125 0.69091796875 0.4970703125 0.76953125 0.712890625 0.70458984375 0.806640625 
0 0.1953125 0.34375 0.255859375 0.2998046875 0.29833984375 0.5322265625 0.23779296875 0.576171875 
0 0.58349609375 0.58203125 0.62353515625 0.5615234375 0.65478515625 0.814453125 0.615234375 0.8349609375 
0 0.5546875 0.5859375 0.59423828125 0.5693359375 0.62255859375 0.83203125 0.58251953125 0.8486328125 
0 0.50634765625 0.5810546875 0.5380859375 0.5732421875 0.55126953125 0.791015625 0.51953125 0.798828125 
0 0.4814453125 0.5810546875 0.51416015625 0.572265625 0.5302734375 0.7998046875 0.49755859375 0.80859375 
0 0.45361328125 0.5849609375 0.48876953125 0.5732421875 0.50634765625 0.7978515625 0.47119140625 0.8095703125 
0 0.3603515625 0.5458984375 0.4111328125 0.5732421875 0.37646484375 0.8330078125 0.3251953125 0.8056640625 
0 0.3427734375 0.33984375 0.3701171875 0.333984375 0.37890625 0.498046875 0.35107421875 0.50390625 
0 0.36328125 0.32421875 0.404296875 0.3095703125 0.4267578125 0.5634765625 0.38525390625 0.578125 
0 0.40673828125 0.337890625 0.443359375 0.330078125 0.45556640625 0.5634765625 0.4189453125 0.5712890625 
0 0.45458984375 0.3251953125 0.501953125 0.333984375 0.49169921875 0.5751953125 0.44384765625 0.56640625 
0 0.46826171875 0.3125 0.51611328125 0.2958984375 0.53955078125 0.5615234375 0.49169921875 0.578125 
