0 0.7197265625 0.2373046875 0.73681640625 0.6259765625 0.6396484375 0.6435546875 0.62255859375 0.25390625 
0 0.791015625 0.20703125 0.84814453125 0.580078125 0.7548828125 0.6376953125 0.69775390625 0.263671875 
0 0.80517578125 0.1064453125 0.8935546875 0.455078125 0.806640625 0.54296875 0.7177734375 0.1953125 
0 0.89306640625 0.4990234375 0.86962890625 0.88671875 0.7724609375 0.86328125 0.79638671875 0.4755859375 
0 0.806640625 0.509765625 0.8505859375 0.890625 0.75537109375 0.9345703125 0.71142578125 0.5537109375 
0 0.568359375 0.53125 0.55517578125 0.9208984375 0.45751953125 0.9072265625 0.47119140625 0.517578125 
0 0.5400390625 0.525390625 0.533203125 0.916015625 0.435546875 0.9091796875 0.4423828125 0.5185546875 
0 0.51904296875 0.55859375 0.48876953125 0.9443359375 0.39208984375 0.9140625 0.4228515625 0.5283203125 
0 0.484375 0.572265625 0.447265625 0.955078125 0.3515625 0.91796875 0.388671875 0.5341796875 
0 0.44775390625 0.5771484375 0.41064453125 0.9599609375 0.31494140625 0.9228515625 0.35205078125 0.5390625 
0 0.41064453125 0.5771484375 0.36328125 0.95703125 0.2685546875 0.9091796875 0.31591796875 0.5302734375 
0 0.369140625 0.587890625 0.29931640625 0.9521484375 0.2080078125 0.8828125 0.27783203125 0.517578125 
0 0.29638671875 0.541015625 0.25927734375 0.923828125 0.16357421875 0.88671875 0.20068359375 0.5029296875 
0 0.38427734375 0.2451171875 0.3671875 0.634765625 0.27001953125 0.6171875 0.287109375 0.228515625 
0 0.3916015625 0.224609375 0.4150390625 0.6123046875 0.318359375 0.6357421875 0.29443359375 0.248046875 
0 0.4658203125 0.2412109375 0.4931640625 0.6279296875 0.396484375 0.6552734375 0.369140625 0.2685546875 
0 0.5087890625 0.2255859375 0.5361328125 0.6123046875 0.439453125 0.6396484375 0.412109375 0.2529296875 
0 0.56494140625 0.2353515625 0.58203125 0.6240234375 0.48486328125 0.6416015625 0.4677734375 0.251953125 
