0 0.27783203125 0.189453125 0.220703125 0.5634765625 0.12744140625 0.505859375 0.1845703125 0.1328125 
0 0.58642578125 0.2392578125 0.599609375 0.62890625 0.50244140625 0.642578125 0.48876953125 0.2529296875 
0 0.67724609375 0.236328125 0.65673828125 0.625 0.5595703125 0.6044921875 0.580078125 0.2158203125 
0 0.6953125 0.2216796875 0.70556640625 0.611328125 0.60791015625 0.6220703125 0.59765625 0.2314453125 
0 0.83349609375 0.228515625 0.7861328125 0.607421875 0.69140625 0.560546875 0.73876953125 0.1806640625 
0 0.82666015625 0.14453125 0.8740234375 0.5244140625 0.779296875 0.5712890625 0.73193359375 0.1923828125 
0 0.8623046875 0.38671875 0.8994140625 0.7705078125 0.8037109375 0.8076171875 0.7666015625 0.4248046875 
0 0.30419921875 0.177734375 0.28369140625 0.56640625 0.1865234375 0.5458984375 0.20703125 0.1572265625 
0 0.6123046875 0.501953125 0.646484375 0.8857421875 0.55029296875 0.919921875 0.51611328125 0.53515625 
0 0.5869140625 0.5068359375 0.60400390625 0.896484375 0.5068359375 0.9130859375 0.48974609375 0.5244140625 
0 0.55859375 0.5029296875 0.5791015625 0.8916015625 0.48193359375 0.912109375 0.46142578125 0.5234375 
0 0.5478515625 0.52734375 0.52734375 0.916015625 0.43017578125 0.8955078125 0.45068359375 0.5068359375 
0 0.50927734375 0.5166015625 0.51953125 0.9072265625 0.421875 0.9169921875 0.41162109375 0.52734375 
0 0.4931640625 0.5458984375 0.458984375 0.9306640625 0.36279296875 0.896484375 0.39697265625 0.5126953125 
0 0.37060546875 0.2353515625 0.330078125 0.6171875 0.234375 0.576171875 0.275390625 0.1943359375 
0 0.32080078125 0.5107421875 0.22021484375 0.845703125 0.13623046875 0.7451171875 0.23681640625 0.41015625 
0 0.4130859375 0.23046875 0.43017578125 0.619140625 0.3330078125 0.63671875 0.31591796875 0.2470703125 
0 0.43701171875 0.224609375 0.46728515625 0.6103515625 0.37109375 0.640625 0.34033203125 0.2548828125 
0 0.48193359375 0.23828125 0.4951171875 0.6279296875 0.39794921875 0.6416015625 0.38427734375 0.251953125 
0 0.5302734375 0.24609375 0.52001953125 0.63671875 0.42236328125 0.6259765625 0.4326171875 0.236328125 
0 0.5546875 0.23828125 0.57177734375 0.626953125 0.474609375 0.64453125 0.45751953125 0.2548828125 
