0 0.63916015625 0.310546875 0.69189453125 0.3212890625 0.67822265625 0.580078125 0.62548828125 0.5693359375 
0 0.666015625 0.3447265625 0.70947265625 0.3388671875 0.7177734375 0.5634765625 0.673828125 0.5703125 
0 0.6865234375 0.359375 0.7587890625 0.3203125 0.78857421875 0.5419921875 0.71630859375 0.5810546875 
0 0.78662109375 0.2939453125 0.85595703125 0.328125 0.826171875 0.5673828125 0.7568359375 0.5322265625 
0 0.8115234375 0.3095703125 0.8740234375 0.28515625 0.89501953125 0.5029296875 0.8330078125 0.52734375 
0 0.81298828125 0.51953125 0.89404296875 0.53125 0.8857421875 0.76953125 0.8046875 0.7587890625 
0 0.73876953125 0.5947265625 0.80224609375 0.5322265625 0.85693359375 0.7568359375 0.79345703125 0.8193359375 
0 0.15771484375 0.3212890625 0.228515625 0.2958984375 0.25048828125 0.541015625 0.17919921875 0.56640625 
0 0.521484375 0.5947265625 0.5693359375 0.576171875 0.59521484375 0.8408203125 0.54736328125 0.859375 
0 0.501953125 0.58203125 0.53466796875 0.5751953125 0.5478515625 0.833984375 0.515625 0.8408203125 
0 0.4736328125 0.5810546875 0.50830078125 0.57421875 0.51904296875 0.8212890625 0.484375 0.828125 
0 0.43798828125 0.5771484375 0.48193359375 0.580078125 0.4775390625 0.8525390625 0.43359375 0.849609375 
0 0.40380859375 0.580078125 0.44580078125 0.583984375 0.4384765625 0.8740234375 0.396484375 0.8701171875 
0 0.36572265625 0.5712890625 0.41357421875 0.5791015625 0.39892578125 0.9111328125 0.3515625 0.90234375 
0 0.33251953125 0.5771484375 0.37744140625 0.5947265625 0.35009765625 0.876953125 0.30517578125 0.859375 
0 0.20556640625 0.5419921875 0.27001953125 0.5859375 0.224609375 0.8505859375 0.16015625 0.8056640625 
0 0.1435546875 0.53515625 0.2275390625 0.6669921875 0.1708984375 0.8125 0.0869140625 0.6806640625 
0 0.30029296875 0.3115234375 0.3466796875 0.3212890625 0.33349609375 0.5703125 0.287109375 0.560546875 
0 0.31494140625 0.30859375 0.36767578125 0.2978515625 0.3818359375 0.568359375 0.3291015625 0.580078125 
0 0.34521484375 0.328125 0.39111328125 0.3056640625 0.42236328125 0.5546875 0.3759765625 0.5771484375 
0 0.4443359375 0.30859375 0.49462890625 0.298828125 0.50830078125 0.5595703125 0.4580078125 0.5703125 
0 0.50634765625 0.2958984375 0.560546875 0.3017578125 0.5537109375 0.564453125 0.49951171875 0.55859375 
