0 0.2802734375 0.1982421875 0.216796875 0.5673828125 0.12451171875 0.50390625 0.18798828125 0.134765625 
0 0.5888671875 0.2353515625 0.60205078125 0.625 0.5048828125 0.638671875 0.4912109375 0.2490234375 
0 0.642578125 0.2353515625 0.62890625 0.625 0.53173828125 0.611328125 0.544921875 0.2216796875 
0 0.6748046875 0.232421875 0.6611328125 0.6220703125 0.56396484375 0.6083984375 0.5771484375 0.21875 
0 0.697265625 0.2197265625 0.70751953125 0.609375 0.60986328125 0.6201171875 0.599609375 0.2294921875 
0 0.8212890625 0.208984375 0.7939453125 0.595703125 0.697265625 0.568359375 0.724609375 0.181640625 
0 0.82568359375 0.14453125 0.873046875 0.5244140625 0.7783203125 0.5712890625 0.73095703125 0.1923828125 
0 0.86279296875 0.384765625 0.89990234375 0.7685546875 0.80419921875 0.8056640625 0.76708984375 0.4228515625 
0 0.7099609375 0.4755859375 0.82470703125 0.7919921875 0.74609375 0.90625 0.63134765625 0.5908203125 
0 0.30224609375 0.1787109375 0.28515625 0.568359375 0.18798828125 0.55078125 0.205078125 0.162109375 
0 0.61279296875 0.5146484375 0.64990234375 0.8984375 0.55419921875 0.935546875 0.51708984375 0.552734375 
0 0.5869140625 0.501953125 0.60400390625 0.8916015625 0.5068359375 0.908203125 0.48974609375 0.51953125 
0 0.56201171875 0.5009765625 0.5791015625 0.890625 0.48193359375 0.9072265625 0.46484375 0.5185546875 
0 0.5439453125 0.52734375 0.53076171875 0.9169921875 0.43310546875 0.9033203125 0.44677734375 0.513671875 
0 0.50634765625 0.5185546875 0.5234375 0.908203125 0.42626953125 0.9248046875 0.4091796875 0.5361328125 
0 0.49365234375 0.5595703125 0.45654296875 0.9423828125 0.36083984375 0.9052734375 0.39794921875 0.521484375 
0 0.36669921875 0.2353515625 0.33251953125 0.619140625 0.236328125 0.5859375 0.2705078125 0.201171875 
0 0.3203125 0.513671875 0.2197265625 0.8486328125 0.1357421875 0.748046875 0.236328125 0.4130859375 
0 0.25048828125 0.4169921875 0.21337890625 0.7998046875 0.11767578125 0.7626953125 0.15478515625 0.37890625 
0 0.39892578125 0.2294921875 0.38525390625 0.619140625 0.2880859375 0.60546875 0.30126953125 0.2158203125 
0 0.41064453125 0.216796875 0.43115234375 0.60546875 0.333984375 0.6259765625 0.3134765625 0.2373046875 
0 0.44140625 0.2265625 0.46484375 0.6142578125 0.3681640625 0.6376953125 0.34423828125 0.25 
0 0.4775390625 0.23046875 0.5009765625 0.6181640625 0.404296875 0.6416015625 0.38037109375 0.25390625 
0 0.53125 0.25 0.517578125 0.6396484375 0.42041015625 0.6259765625 0.43359375 0.236328125 
0 0.56103515625 0.2451171875 0.5712890625 0.634765625 0.4736328125 0.6455078125 0.46337890625 0.2548828125 
