0 0.62060546875 0.275390625 0.603515625 0.6650390625 0.50634765625 0.6474609375 0.5234375 0.2587890625 
0 0.65966796875 0.2626953125 0.642578125 0.65234375 0.54541015625 0.634765625 0.5625 0.24609375 
0 0.6787109375 0.2470703125 0.685546875 0.6376953125 0.587890625 0.64453125 0.5810546875 0.25390625 
0 0.828125 0.2685546875 0.78759765625 0.650390625 0.69189453125 0.609375 0.73291015625 0.2275390625 
0 0.84619140625 0.4501953125 0.876953125 0.8359375 0.7802734375 0.8662109375 0.75 0.48046875 
0 0.77197265625 0.4912109375 0.86328125 0.8359375 0.77734375 0.927734375 0.685546875 0.5830078125 
0 0.7060546875 0.5087890625 0.80908203125 0.83984375 0.7265625 0.943359375 0.623046875 0.6123046875 
0 0.25732421875 0.24609375 0.29833984375 0.6279296875 0.20263671875 0.6689453125 0.162109375 0.287109375 
0 0.5888671875 0.5361328125 0.609375 0.9248046875 0.51220703125 0.9453125 0.49169921875 0.556640625 
0 0.55078125 0.5146484375 0.59814453125 0.8935546875 0.50341796875 0.94140625 0.4560546875 0.5615234375 
0 0.529296875 0.525390625 0.5634765625 0.9091796875 0.46728515625 0.943359375 0.43310546875 0.55859375 
0 0.509765625 0.529296875 0.53369140625 0.9169921875 0.4365234375 0.9404296875 0.4130859375 0.552734375 
0 0.474609375 0.54296875 0.51171875 0.9267578125 0.416015625 0.9638671875 0.37890625 0.5810546875 
0 0.4609375 0.576171875 0.4375 0.9638671875 0.34033203125 0.9404296875 0.3642578125 0.552734375 
0 0.42578125 0.56640625 0.388671875 0.94921875 0.29296875 0.912109375 0.330078125 0.5283203125 
0 0.30224609375 0.26171875 0.3564453125 0.6376953125 0.26220703125 0.69140625 0.20849609375 0.3154296875 
0 0.31640625 0.583984375 0.24658203125 0.9482421875 0.1552734375 0.87890625 0.22509765625 0.513671875 
0 0.2626953125 0.5244140625 0.1865234375 0.8837890625 0.0966796875 0.8076171875 0.1728515625 0.4482421875 
0 0.5107421875 0.2587890625 0.52783203125 0.6474609375 0.4306640625 0.6650390625 0.41357421875 0.275390625 
0 0.55810546875 0.25 0.58154296875 0.6376953125 0.48486328125 0.6611328125 0.4609375 0.2734375 
