0 0.55029296875 0.3369140625 0.58251953125 0.3291015625 0.59716796875 0.5673828125 0.56494140625 0.5751953125 
0 0.59619140625 0.283203125 0.63671875 0.2900390625 0.62451171875 0.5703125 0.58349609375 0.5634765625 
0 0.6240234375 0.30078125 0.67041015625 0.3134765625 0.6533203125 0.55859375 0.60693359375 0.544921875 
0 0.6552734375 0.326171875 0.689453125 0.33203125 0.681640625 0.50390625 0.6474609375 0.498046875 
0 0.74462890625 0.5595703125 0.8212890625 0.5302734375 0.83837890625 0.7060546875 0.76171875 0.736328125 
0 0.6787109375 0.6328125 0.73828125 0.5615234375 0.79345703125 0.74609375 0.73388671875 0.8173828125 
0 0.54052734375 0.595703125 0.5771484375 0.5888671875 0.58837890625 0.8466796875 0.5517578125 0.853515625 
0 0.51611328125 0.5966796875 0.546875 0.59765625 0.54541015625 0.7958984375 0.5146484375 0.794921875 
0 0.49267578125 0.5927734375 0.51953125 0.58984375 0.525390625 0.8154296875 0.49853515625 0.818359375 
0 0.47119140625 0.5771484375 0.50048828125 0.583984375 0.4873046875 0.798828125 0.4580078125 0.7919921875 
0 0.447265625 0.57421875 0.47705078125 0.58203125 0.462890625 0.8076171875 0.43359375 0.7998046875 
0 0.412109375 0.5810546875 0.447265625 0.5869140625 0.43603515625 0.8408203125 0.4013671875 0.8349609375 
0 0.38232421875 0.6015625 0.41748046875 0.611328125 0.40234375 0.8310546875 0.36669921875 0.8212890625 
0 0.35302734375 0.5810546875 0.39453125 0.6015625 0.36376953125 0.8486328125 0.32177734375 0.828125 
0 0.31298828125 0.5771484375 0.369140625 0.64453125 0.31494140625 0.82421875 0.25927734375 0.7568359375 
0 0.275390625 0.498046875 0.33251953125 0.6005859375 0.23876953125 0.8095703125 0.181640625 0.7060546875 
0 0.166015625 0.4755859375 0.26171875 0.5068359375 0.2421875 0.751953125 0.146484375 0.7216796875 
0 0.32373046875 0.2880859375 0.37255859375 0.267578125 0.3974609375 0.50390625 0.34912109375 0.5244140625 
0 0.3671875 0.265625 0.42333984375 0.25390625 0.4375 0.521484375 0.380859375 0.533203125 
0 0.3955078125 0.26953125 0.44287109375 0.259765625 0.45751953125 0.541015625 0.41015625 0.5517578125 
0 0.45166015625 0.314453125 0.48876953125 0.318359375 0.482421875 0.5625 0.4453125 0.55859375 
0 0.4716796875 0.3251953125 0.51611328125 0.3173828125 0.52685546875 0.560546875 0.482421875 0.568359375 
0 0.5107421875 0.333984375 0.55615234375 0.3251953125 0.5693359375 0.5693359375 0.5234375 0.5791015625 
