0 0.64794921875 0.2236328125 0.62744140625 0.6123046875 0.5302734375 0.591796875 0.55078125 0.203125 
0 0.67138671875 0.19140625 0.6884765625 0.580078125 0.59130859375 0.59765625 0.57421875 0.2080078125 
0 0.7158203125 0.2138671875 0.72900390625 0.603515625 0.6318359375 0.6171875 0.6181640625 0.2275390625 
0 0.77783203125 0.2138671875 0.767578125 0.6044921875 0.669921875 0.59375 0.68017578125 0.2041015625 
0 0.80908203125 0.1826171875 0.83251953125 0.5703125 0.73583984375 0.59375 0.7119140625 0.2060546875 
0 0.826171875 0.376953125 0.8798828125 0.7529296875 0.7861328125 0.806640625 0.73193359375 0.4306640625 
0 0.7958984375 0.4560546875 0.849609375 0.83203125 0.755859375 0.8857421875 0.70166015625 0.509765625 
0 0.7216796875 0.48046875 0.81298828125 0.8251953125 0.72705078125 0.9169921875 0.63525390625 0.572265625 
0 0.25830078125 0.173828125 0.28564453125 0.560546875 0.18896484375 0.587890625 0.16162109375 0.201171875 
0 0.68603515625 0.490234375 0.7431640625 0.8642578125 0.64990234375 0.9208984375 0.5927734375 0.5478515625 
0 0.64697265625 0.505859375 0.70751953125 0.8779296875 0.61474609375 0.9384765625 0.55419921875 0.56640625 
0 0.6240234375 0.5537109375 0.6611328125 0.9375 0.5654296875 0.974609375 0.5283203125 0.591796875 
0 0.56396484375 0.515625 0.60107421875 0.8994140625 0.50537109375 0.9365234375 0.46826171875 0.5537109375 
0 0.53857421875 0.5185546875 0.57275390625 0.90234375 0.4765625 0.9365234375 0.4423828125 0.5517578125 
0 0.4892578125 0.57421875 0.47900390625 0.9638671875 0.38134765625 0.9541015625 0.3916015625 0.5634765625 
0 0.4326171875 0.5673828125 0.359375 0.9287109375 0.26904296875 0.8564453125 0.34228515625 0.494140625 
0 0.34423828125 0.2275390625 0.33056640625 0.6171875 0.2333984375 0.603515625 0.24658203125 0.2138671875 
0 0.37353515625 0.5732421875 0.29736328125 0.9326171875 0.20751953125 0.8564453125 0.28369140625 0.4970703125 
0 0.3125 0.5146484375 0.2490234375 0.8837890625 0.15673828125 0.8203125 0.22021484375 0.451171875 
0 0.26708984375 0.49609375 0.16943359375 0.833984375 0.0849609375 0.736328125 0.1826171875 0.3984375 
0 0.39697265625 0.232421875 0.38671875 0.623046875 0.2890625 0.6123046875 0.29931640625 0.22265625 
0 0.4072265625 0.2138671875 0.4345703125 0.6005859375 0.337890625 0.6279296875 0.310546875 0.2412109375 
0 0.48876953125 0.2099609375 0.52978515625 0.591796875 0.43408203125 0.6328125 0.3935546875 0.2509765625 
0 0.5546875 0.2333984375 0.54443359375 0.6240234375 0.44677734375 0.61328125 0.45703125 0.2236328125 
0 0.5908203125 0.2265625 0.60107421875 0.6162109375 0.50341796875 0.626953125 0.4931640625 0.236328125 
