0 0.54931640625 0.3115234375 0.58154296875 0.3046875 0.59521484375 0.564453125 0.56298828125 0.5712890625 
0 0.595703125 0.2783203125 0.63720703125 0.28515625 0.62451171875 0.57421875 0.5830078125 0.5673828125 
0 0.62646484375 0.2900390625 0.6748046875 0.3076171875 0.65283203125 0.5595703125 0.60400390625 0.5419921875 
0 0.64697265625 0.326171875 0.68408203125 0.322265625 0.68896484375 0.50390625 0.65185546875 0.5078125 
0 0.6923828125 0.30859375 0.751953125 0.33203125 0.728515625 0.5712890625 0.6689453125 0.5478515625 
0 0.74072265625 0.5625 0.81640625 0.52734375 0.8359375 0.697265625 0.76025390625 0.732421875 
0 0.67919921875 0.6357421875 0.736328125 0.5615234375 0.79345703125 0.73828125 0.73681640625 0.8125 
0 0.53515625 0.6015625 0.57861328125 0.58984375 0.59619140625 0.83984375 0.552734375 0.8525390625 
0 0.5166015625 0.59375 0.54736328125 0.5908203125 0.55322265625 0.814453125 0.5224609375 0.818359375 
0 0.4921875 0.58984375 0.521484375 0.5849609375 0.52978515625 0.818359375 0.5 0.822265625 
0 0.46923828125 0.578125 0.49951171875 0.5849609375 0.48779296875 0.8076171875 0.45751953125 0.80078125 
0 0.44482421875 0.578125 0.4775390625 0.5859375 0.462890625 0.8203125 0.4306640625 0.8125 
0 0.41796875 0.564453125 0.458984375 0.583984375 0.4287109375 0.8466796875 0.3876953125 0.828125 
0 0.38232421875 0.595703125 0.41845703125 0.6044921875 0.4033203125 0.8515625 0.3671875 0.8427734375 
0 0.3515625 0.58203125 0.39453125 0.603515625 0.36376953125 0.8486328125 0.32080078125 0.8271484375 
0 0.30908203125 0.5791015625 0.36328125 0.63671875 0.31787109375 0.8076171875 0.263671875 0.7490234375 
0 0.271484375 0.5029296875 0.32958984375 0.5966796875 0.2451171875 0.8056640625 0.18701171875 0.7119140625 
0 0.1640625 0.4794921875 0.26171875 0.50390625 0.24755859375 0.7412109375 0.1494140625 0.716796875 
0 0.3251953125 0.287109375 0.3759765625 0.26953125 0.396484375 0.505859375 0.34619140625 0.5234375 
0 0.3671875 0.265625 0.4208984375 0.2548828125 0.4345703125 0.5126953125 0.380859375 0.5244140625 
0 0.40087890625 0.2587890625 0.447265625 0.2529296875 0.45751953125 0.541015625 0.4111328125 0.5478515625 
0 0.4482421875 0.3056640625 0.4873046875 0.30859375 0.48291015625 0.55859375 0.44384765625 0.5556640625 
0 0.4755859375 0.3134765625 0.5185546875 0.3095703125 0.525390625 0.5595703125 0.48193359375 0.564453125 
0 0.50634765625 0.330078125 0.5517578125 0.318359375 0.56640625 0.55859375 0.52099609375 0.5693359375 
