0 0.173828125 0.2958984375 0.22265625 0.306640625 0.2109375 0.52734375 0.162109375 0.5166015625 
0 0.556640625 0.2890625 0.5986328125 0.2978515625 0.5830078125 0.5927734375 0.541015625 0.583984375 
0 0.591796875 0.2958984375 0.6416015625 0.302734375 0.630859375 0.599609375 0.58154296875 0.5927734375 
0 0.59814453125 0.33984375 0.65185546875 0.3271484375 0.66748046875 0.578125 0.61376953125 0.5908203125 
0 0.63427734375 0.36328125 0.67724609375 0.3427734375 0.7041015625 0.576171875 0.6611328125 0.595703125 
0 0.76953125 0.3017578125 0.81884765625 0.279296875 0.84326171875 0.4912109375 0.7939453125 0.513671875 
0 0.19921875 0.3291015625 0.26025390625 0.3203125 0.2685546875 0.5546875 0.20751953125 0.5634765625 
0 0.5849609375 0.6474609375 0.6416015625 0.58984375 0.7109375 0.861328125 0.654296875 0.9189453125 
0 0.54638671875 0.623046875 0.59130859375 0.630859375 0.57958984375 0.90625 0.5341796875 0.8984375 
0 0.5205078125 0.6025390625 0.5595703125 0.62109375 0.53125 0.8642578125 0.49267578125 0.8466796875 
0 0.49560546875 0.59375 0.5302734375 0.6064453125 0.50830078125 0.8564453125 0.4736328125 0.8447265625 
0 0.46484375 0.599609375 0.5009765625 0.603515625 0.494140625 0.8525390625 0.4580078125 0.8486328125 
0 0.44189453125 0.58203125 0.48095703125 0.595703125 0.45751953125 0.8583984375 0.4189453125 0.8447265625 
0 0.40966796875 0.5908203125 0.44970703125 0.6103515625 0.41650390625 0.876953125 0.37646484375 0.857421875 
0 0.365234375 0.611328125 0.40966796875 0.6220703125 0.39501953125 0.8642578125 0.35009765625 0.853515625 
0 0.3486328125 0.5859375 0.39599609375 0.6181640625 0.3515625 0.8759765625 0.30419921875 0.84375 
0 0.25341796875 0.33203125 0.3115234375 0.326171875 0.3173828125 0.5595703125 0.25927734375 0.5654296875 
0 0.28369140625 0.5712890625 0.35302734375 0.6162109375 0.31201171875 0.87109375 0.24267578125 0.826171875 
0 0.23193359375 0.55078125 0.29345703125 0.6083984375 0.244140625 0.8193359375 0.1826171875 0.76171875 
0 0.173828125 0.5126953125 0.234375 0.5771484375 0.1865234375 0.7578125 0.12548828125 0.693359375 
0 0.310546875 0.3564453125 0.353515625 0.361328125 0.34765625 0.5849609375 0.3046875 0.580078125 
0 0.328125 0.3525390625 0.3818359375 0.33984375 0.396484375 0.5791015625 0.3427734375 0.591796875 
0 0.39306640625 0.3349609375 0.4375 0.3154296875 0.46484375 0.5703125 0.42041015625 0.58984375 
0 0.4404296875 0.2919921875 0.494140625 0.28125 0.509765625 0.580078125 0.4560546875 0.591796875 
0 0.5263671875 0.2490234375 0.58056640625 0.2744140625 0.54248046875 0.6015625 0.48828125 0.576171875 
