0 0.28369140625 0.162109375 0.236328125 0.541015625 0.1416015625 0.494140625 0.18896484375 0.1142578125 
0 0.62646484375 0.25 0.61279296875 0.6396484375 0.515625 0.6259765625 0.52880859375 0.236328125 
0 0.66357421875 0.2529296875 0.6533203125 0.6435546875 0.5556640625 0.6328125 0.56591796875 0.2431640625 
0 0.7080078125 0.2705078125 0.6875 0.6591796875 0.59033203125 0.638671875 0.61083984375 0.25 
0 0.72607421875 0.2333984375 0.736328125 0.623046875 0.638671875 0.6337890625 0.62841796875 0.2431640625 
0 0.76416015625 0.2392578125 0.78466796875 0.6279296875 0.6875 0.6484375 0.6669921875 0.259765625 
0 0.7861328125 0.19921875 0.849609375 0.568359375 0.75732421875 0.6318359375 0.69384765625 0.2626953125 
0 0.802734375 0.107421875 0.89453125 0.4521484375 0.80810546875 0.5439453125 0.716796875 0.19921875 
0 0.88623046875 0.4951171875 0.8759765625 0.884765625 0.7783203125 0.875 0.78857421875 0.484375 
0 0.80859375 0.513671875 0.85595703125 0.892578125 0.76123046875 0.9404296875 0.7138671875 0.560546875 
0 0.72900390625 0.53125 0.798828125 0.896484375 0.70751953125 0.9658203125 0.6376953125 0.6015625 
0 0.32421875 0.287109375 0.2509765625 0.6494140625 0.16064453125 0.576171875 0.23388671875 0.21484375 
0 0.6884765625 0.541015625 0.73583984375 0.919921875 0.64111328125 0.9677734375 0.59375 0.587890625 
0 0.65576171875 0.5400390625 0.6796875 0.927734375 0.58251953125 0.951171875 0.55908203125 0.5634765625 
0 0.6328125 0.5654296875 0.61962890625 0.955078125 0.52197265625 0.94140625 0.53564453125 0.5517578125 
0 0.6015625 0.548828125 0.5810546875 0.9375 0.48388671875 0.9169921875 0.50439453125 0.5283203125 
0 0.57275390625 0.5419921875 0.54541015625 0.9287109375 0.44873046875 0.9013671875 0.47607421875 0.5146484375 
0 0.5419921875 0.537109375 0.52880859375 0.9267578125 0.43115234375 0.9130859375 0.44482421875 0.5234375 
0 0.51318359375 0.5517578125 0.49267578125 0.9404296875 0.3955078125 0.919921875 0.416015625 0.53125 
0 0.48193359375 0.5830078125 0.45166015625 0.96875 0.35498046875 0.9384765625 0.3857421875 0.552734375 
0 0.44677734375 0.5576171875 0.41943359375 0.9443359375 0.32275390625 0.9169921875 0.35009765625 0.5302734375 
0 0.41357421875 0.583984375 0.3564453125 0.95703125 0.26318359375 0.900390625 0.3203125 0.5263671875 
0 0.3173828125 0.2392578125 0.337890625 0.6279296875 0.24072265625 0.6484375 0.22021484375 0.259765625 
0 0.36962890625 0.5888671875 0.29638671875 0.9501953125 0.2060546875 0.8779296875 0.279296875 0.515625 
0 0.298828125 0.5400390625 0.2578125 0.921875 0.16259765625 0.880859375 0.203125 0.4990234375 
0 0.2041015625 0.509765625 0.248046875 0.890625 0.15283203125 0.9345703125 0.10888671875 0.5537109375 
0 0.37060546875 0.2314453125 0.37744140625 0.6220703125 0.27978515625 0.62890625 0.27294921875 0.23828125 
0 0.39208984375 0.2236328125 0.41943359375 0.6103515625 0.32275390625 0.6376953125 0.29541015625 0.2509765625 
0 0.431640625 0.2333984375 0.455078125 0.62109375 0.3583984375 0.64453125 0.33447265625 0.2568359375 
0 0.4716796875 0.234375 0.4921875 0.623046875 0.39501953125 0.6435546875 0.37451171875 0.2548828125 
0 0.52783203125 0.23046875 0.52099609375 0.62109375 0.42333984375 0.6142578125 0.43017578125 0.2236328125 
0 0.59033203125 0.2421875 0.56982421875 0.630859375 0.47265625 0.6103515625 0.4931640625 0.2216796875 
