0 0.6650390625 0.259765625 0.6279296875 0.6435546875 0.5322265625 0.60546875 0.5693359375 0.22265625 
0 0.70654296875 0.240234375 0.68603515625 0.62890625 0.5888671875 0.6083984375 0.609375 0.2197265625 
0 0.74658203125 0.2412109375 0.72607421875 0.6298828125 0.62890625 0.609375 0.6494140625 0.220703125 
0 0.75830078125 0.208984375 0.78173828125 0.5966796875 0.68505859375 0.6201171875 0.6611328125 0.232421875 
0 0.78466796875 0.1875 0.84521484375 0.5595703125 0.75244140625 0.6201171875 0.69189453125 0.248046875 
0 0.82568359375 0.142578125 0.9052734375 0.4990234375 0.81591796875 0.578125 0.73681640625 0.2216796875 
0 0.8017578125 0.447265625 0.9296875 0.7421875 0.85595703125 0.8701171875 0.72802734375 0.5751953125 
0 0.7275390625 0.515625 0.86328125 0.796875 0.79296875 0.9326171875 0.6572265625 0.6513671875 
0 0.28369140625 0.17578125 0.216796875 0.54296875 0.125 0.4765625 0.19189453125 0.109375 
0 0.69970703125 0.54296875 0.78564453125 0.8935546875 0.69775390625 0.9794921875 0.61181640625 0.62890625 
0 0.66357421875 0.556640625 0.72705078125 0.92578125 0.634765625 0.9892578125 0.5712890625 0.6201171875 
0 0.51904296875 0.603515625 0.47509765625 0.984375 0.3798828125 0.9404296875 0.423828125 0.5595703125 
0 0.46923828125 0.6357421875 0.421875 1.015625 0.3271484375 0.9677734375 0.37451171875 0.5888671875 
0 0.43310546875 0.60546875 0.37890625 0.9814453125 0.28515625 0.927734375 0.3388671875 0.5517578125 
0 0.39306640625 0.6044921875 0.31982421875 0.9658203125 0.2294921875 0.8935546875 0.302734375 0.53125 
0 0.3310546875 0.2431640625 0.267578125 0.6123046875 0.17529296875 0.548828125 0.23876953125 0.1796875 
0 0.35009765625 0.634765625 0.224609375 0.9345703125 0.14990234375 0.80859375 0.275390625 0.509765625 
0 0.2626953125 0.50390625 0.2119140625 0.880859375 0.11767578125 0.830078125 0.16796875 0.453125 
0 0.3447265625 0.2109375 0.3515625 0.6015625 0.25390625 0.6083984375 0.2470703125 0.2177734375 
0 0.37353515625 0.2138671875 0.39697265625 0.6015625 0.30029296875 0.625 0.2763671875 0.2373046875 
0 0.41748046875 0.2109375 0.44091796875 0.5986328125 0.34423828125 0.6220703125 0.3203125 0.234375 
0 0.51904296875 0.2333984375 0.54931640625 0.619140625 0.453125 0.6494140625 0.42236328125 0.263671875 
0 0.61083984375 0.255859375 0.58349609375 0.642578125 0.48681640625 0.615234375 0.51416015625 0.228515625 
