0 0.60546875 0.232421875 0.61865234375 0.6220703125 0.521484375 0.6357421875 0.5078125 0.24609375 
0 0.66748046875 0.20703125 0.6435546875 0.5947265625 0.546875 0.5712890625 0.5703125 0.18359375 
0 0.70263671875 0.208984375 0.67529296875 0.595703125 0.57861328125 0.568359375 0.60595703125 0.181640625 
0 0.7421875 0.2197265625 0.71484375 0.6064453125 0.6181640625 0.5791015625 0.6455078125 0.1923828125 
0 0.74755859375 0.2099609375 0.78857421875 0.591796875 0.69287109375 0.6328125 0.65234375 0.2509765625 
0 0.7880859375 0.185546875 0.84228515625 0.5615234375 0.748046875 0.615234375 0.6943359375 0.2392578125 
0 0.8173828125 0.134765625 0.890625 0.49609375 0.80029296875 0.5693359375 0.72705078125 0.20703125 
0 0.849609375 0.396484375 0.9228515625 0.7587890625 0.83251953125 0.8310546875 0.75927734375 0.4697265625 
0 0.58154296875 0.5009765625 0.61572265625 0.884765625 0.51953125 0.9189453125 0.4853515625 0.5341796875 
0 0.55322265625 0.515625 0.5771484375 0.9033203125 0.47998046875 0.9267578125 0.45654296875 0.5390625 
0 0.52197265625 0.505859375 0.54248046875 0.89453125 0.4453125 0.9150390625 0.4248046875 0.5263671875 
0 0.4892578125 0.51953125 0.50634765625 0.9091796875 0.4091796875 0.92578125 0.39208984375 0.537109375 
0 0.47216796875 0.6005859375 0.41162109375 0.97265625 0.31884765625 0.912109375 0.37939453125 0.5400390625 
0 0.41796875 0.5283203125 0.40771484375 0.91796875 0.31005859375 0.908203125 0.3203125 0.517578125 
0 0.38525390625 0.5537109375 0.33447265625 0.9306640625 0.240234375 0.8798828125 0.29052734375 0.5029296875 
0 0.2490234375 0.5087890625 0.16650390625 0.8623046875 0.07763671875 0.7802734375 0.16015625 0.42578125 
0 0.390625 0.224609375 0.36328125 0.611328125 0.2666015625 0.583984375 0.2939453125 0.197265625 
0 0.43115234375 0.2255859375 0.40380859375 0.6123046875 0.30712890625 0.5849609375 0.33447265625 0.1982421875 
0 0.4609375 0.2021484375 0.44384765625 0.591796875 0.3466796875 0.57421875 0.36376953125 0.185546875 
0 0.501953125 0.20703125 0.49169921875 0.59765625 0.39404296875 0.5869140625 0.404296875 0.197265625 
0 0.54541015625 0.2451171875 0.52490234375 0.6337890625 0.427734375 0.61328125 0.4482421875 0.224609375 
0 0.59765625 0.2529296875 0.5634765625 0.63671875 0.46728515625 0.603515625 0.50146484375 0.21875 
