0 0.62060546875 0.228515625 0.603515625 0.6181640625 0.50634765625 0.6005859375 0.5234375 0.2119140625 
0 0.63427734375 0.193359375 0.65478515625 0.58203125 0.5576171875 0.6025390625 0.537109375 0.2138671875 
0 0.66748046875 0.1943359375 0.6845703125 0.5830078125 0.58740234375 0.6005859375 0.5703125 0.2109375 
0 0.68896484375 0.1875 0.73974609375 0.564453125 0.64501953125 0.615234375 0.5947265625 0.23828125 
0 0.7919921875 0.1982421875 0.771484375 0.5869140625 0.67431640625 0.56640625 0.69482421875 0.177734375 
0 0.72802734375 0.4375 0.81689453125 0.78515625 0.7294921875 0.8740234375 0.64111328125 0.525390625 
0 0.64892578125 0.46484375 0.7666015625 0.7763671875 0.6884765625 0.8935546875 0.57080078125 0.58203125 
0 0.6103515625 0.5166015625 0.6240234375 0.90625 0.5263671875 0.919921875 0.51318359375 0.5302734375 
0 0.5927734375 0.5263671875 0.55859375 0.9111328125 0.46240234375 0.876953125 0.49658203125 0.4931640625 
0 0.56201171875 0.5185546875 0.52783203125 0.9033203125 0.431640625 0.869140625 0.4658203125 0.4853515625 
0 0.52734375 0.51171875 0.51025390625 0.900390625 0.4130859375 0.8837890625 0.43017578125 0.494140625 
0 0.48193359375 0.484375 0.505859375 0.8720703125 0.40869140625 0.8955078125 0.38525390625 0.5078125 
0 0.46142578125 0.5341796875 0.4443359375 0.9228515625 0.34716796875 0.90625 0.3642578125 0.5166015625 
0 0.43798828125 0.5439453125 0.380859375 0.9169921875 0.28759765625 0.8603515625 0.3447265625 0.486328125 
0 0.408203125 0.587890625 0.3046875 0.9189453125 0.22216796875 0.8154296875 0.3251953125 0.484375 
0 0.32568359375 0.2177734375 0.30859375 0.607421875 0.21142578125 0.58984375 0.228515625 0.201171875 
0 0.34033203125 0.5166015625 0.27685546875 0.8857421875 0.1845703125 0.822265625 0.248046875 0.453125 
0 0.353515625 0.2001953125 0.3876953125 0.5849609375 0.29150390625 0.6181640625 0.25732421875 0.234375 
0 0.427734375 0.2314453125 0.41064453125 0.62109375 0.3134765625 0.603515625 0.33056640625 0.21484375 
0 0.458984375 0.212890625 0.4521484375 0.603515625 0.3544921875 0.5966796875 0.361328125 0.2060546875 
0 0.51025390625 0.25390625 0.47607421875 0.6376953125 0.3798828125 0.6044921875 0.4140625 0.2197265625 
0 0.51220703125 0.22265625 0.53564453125 0.6103515625 0.43896484375 0.6337890625 0.4150390625 0.24609375 
0 0.58251953125 0.2470703125 0.56201171875 0.6357421875 0.46484375 0.615234375 0.4853515625 0.2265625 
