0 0.52880859375 0.28515625 0.57373046875 0.2783203125 0.583984375 0.56640625 0.53857421875 0.5732421875 
0 0.56201171875 0.26171875 0.61279296875 0.2509765625 0.62841796875 0.5478515625 0.57763671875 0.5576171875 
0 0.59228515625 0.3056640625 0.6484375 0.279296875 0.67529296875 0.5126953125 0.619140625 0.5380859375 
0 0.634765625 0.310546875 0.68896484375 0.2958984375 0.70361328125 0.5029296875 0.6494140625 0.517578125 
0 0.68017578125 0.26953125 0.7421875 0.2587890625 0.751953125 0.484375 0.6904296875 0.4951171875 
0 0.7412109375 0.2744140625 0.79296875 0.26171875 0.8056640625 0.462890625 0.75341796875 0.4755859375 
0 0.71875 0.537109375 0.78076171875 0.4765625 0.83203125 0.6884765625 0.7705078125 0.7490234375 
0 0.64013671875 0.58203125 0.70263671875 0.484375 0.78857421875 0.705078125 0.7265625 0.8017578125 
0 0.24267578125 0.2490234375 0.29443359375 0.2666015625 0.27490234375 0.4912109375 0.22314453125 0.47265625 
0 0.52783203125 0.5947265625 0.560546875 0.5859375 0.57470703125 0.7900390625 0.54248046875 0.798828125 
0 0.5009765625 0.5986328125 0.53271484375 0.591796875 0.54296875 0.791015625 0.51123046875 0.7978515625 
0 0.47705078125 0.587890625 0.505859375 0.5927734375 0.49658203125 0.8056640625 0.4677734375 0.80078125 
0 0.44580078125 0.591796875 0.48095703125 0.6005859375 0.46826171875 0.8037109375 0.43359375 0.794921875 
0 0.41064453125 0.580078125 0.45068359375 0.5859375 0.4423828125 0.8232421875 0.40234375 0.818359375 
0 0.38037109375 0.5556640625 0.421875 0.587890625 0.3779296875 0.8173828125 0.33642578125 0.78515625 
0 0.34716796875 0.5478515625 0.39111328125 0.583984375 0.34912109375 0.79296875 0.30517578125 0.7578125 
0 0.25927734375 0.2998046875 0.3212890625 0.2802734375 0.33837890625 0.49609375 0.2763671875 0.515625 
0 0.30224609375 0.50390625 0.3623046875 0.591796875 0.2890625 0.79296875 0.22900390625 0.705078125 
0 0.23486328125 0.478515625 0.29833984375 0.5302734375 0.25390625 0.7509765625 0.18994140625 0.69921875 
0 0.125 0.5556640625 0.19580078125 0.4599609375 0.2509765625 0.6240234375 0.18017578125 0.7197265625 
0 0.33203125 0.2958984375 0.37451171875 0.302734375 0.36474609375 0.5263671875 0.322265625 0.51953125 
0 0.34130859375 0.3134765625 0.384765625 0.3017578125 0.40087890625 0.5341796875 0.35791015625 0.5458984375 
0 0.39404296875 0.2919921875 0.4306640625 0.294921875 0.42578125 0.5625 0.38916015625 0.5595703125 
0 0.41650390625 0.296875 0.45166015625 0.2919921875 0.46142578125 0.5693359375 0.42626953125 0.57421875 
0 0.44677734375 0.32421875 0.49169921875 0.31640625 0.50341796875 0.5830078125 0.45849609375 0.5908203125 
0 0.51123046875 0.306640625 0.56201171875 0.318359375 0.544921875 0.591796875 0.49462890625 0.5791015625 
