0 0.56591796875 0.33984375 0.5986328125 0.34375 0.5908203125 0.572265625 0.55810546875 0.5673828125 
0 0.58203125 0.296875 0.62548828125 0.291015625 0.634765625 0.564453125 0.591796875 0.5703125 
0 0.63232421875 0.3251953125 0.6875 0.3408203125 0.671875 0.564453125 0.61669921875 0.548828125 
0 0.69873046875 0.6103515625 0.7578125 0.521484375 0.8271484375 0.7060546875 0.7685546875 0.794921875 
0 0.52978515625 0.5791015625 0.5625 0.5712890625 0.576171875 0.80078125 0.5439453125 0.80859375 
0 0.5068359375 0.5810546875 0.5341796875 0.576171875 0.54296875 0.7705078125 0.51513671875 0.7744140625 
0 0.47802734375 0.5810546875 0.50634765625 0.5751953125 0.51708984375 0.779296875 0.48876953125 0.78515625 
0 0.453125 0.576171875 0.4853515625 0.5810546875 0.47705078125 0.818359375 0.44482421875 0.814453125 
0 0.37939453125 0.595703125 0.4208984375 0.5986328125 0.41650390625 0.8662109375 0.375 0.86328125 
0 0.35009765625 0.56640625 0.39501953125 0.599609375 0.3486328125 0.853515625 0.3037109375 0.8203125 
0 0.33544921875 0.3154296875 0.38037109375 0.3330078125 0.35693359375 0.5771484375 0.31201171875 0.5595703125 
0 0.36181640625 0.30078125 0.419921875 0.3154296875 0.4033203125 0.5830078125 0.34521484375 0.5693359375 
0 0.5126953125 0.3515625 0.55419921875 0.3486328125 0.55810546875 0.5732421875 0.5166015625 0.576171875 
