0 0.22314453125 0.2275390625 0.298828125 0.265625 0.279296875 0.4228515625 0.203125 0.384765625 
0 0.52978515625 0.3330078125 0.56494140625 0.32421875 0.58056640625 0.5791015625 0.54541015625 0.587890625 
0 0.57958984375 0.287109375 0.6171875 0.29296875 0.607421875 0.568359375 0.56982421875 0.5634765625 
0 0.5849609375 0.3271484375 0.63330078125 0.3212890625 0.64208984375 0.5634765625 0.59326171875 0.5703125 
0 0.611328125 0.32421875 0.65625 0.3095703125 0.67529296875 0.546875 0.63037109375 0.560546875 
0 0.669921875 0.33984375 0.7314453125 0.359375 0.7158203125 0.5595703125 0.654296875 0.5400390625 
0 0.69873046875 0.32421875 0.75537109375 0.3046875 0.77294921875 0.5048828125 0.71630859375 0.525390625 
0 0.73095703125 0.287109375 0.7841796875 0.2529296875 0.8115234375 0.419921875 0.7578125 0.455078125 
0 0.77001953125 0.560546875 0.83349609375 0.4833984375 0.87548828125 0.623046875 0.81201171875 0.69921875 
0 0.70703125 0.5673828125 0.76171875 0.4873046875 0.8359375 0.69140625 0.78076171875 0.771484375 
0 0.64501953125 0.58984375 0.70263671875 0.5146484375 0.77490234375 0.73828125 0.7177734375 0.8134765625 
0 0.26025390625 0.3154296875 0.31982421875 0.34375 0.29736328125 0.5390625 0.2373046875 0.5107421875 
0 0.61279296875 0.603515625 0.65625 0.5615234375 0.71533203125 0.8037109375 0.671875 0.845703125 
0 0.5859375 0.60546875 0.62646484375 0.5869140625 0.6533203125 0.8212890625 0.61279296875 0.83984375 
0 0.55517578125 0.625 0.5927734375 0.603515625 0.62109375 0.7998046875 0.58349609375 0.8212890625 
0 0.52587890625 0.61328125 0.5654296875 0.5966796875 0.58935546875 0.8212890625 0.5498046875 0.837890625 
0 0.498046875 0.6044921875 0.533203125 0.587890625 0.55810546875 0.80078125 0.5224609375 0.81640625 
0 0.47265625 0.6025390625 0.505859375 0.5908203125 0.5244140625 0.802734375 0.49169921875 0.814453125 
0 0.44775390625 0.59765625 0.48583984375 0.611328125 0.46484375 0.8486328125 0.4267578125 0.8349609375 
0 0.41552734375 0.6025390625 0.45703125 0.6171875 0.4365234375 0.849609375 0.39501953125 0.8349609375 
0 0.38427734375 0.595703125 0.427734375 0.6240234375 0.3916015625 0.84765625 0.34814453125 0.818359375 
0 0.345703125 0.5810546875 0.388671875 0.615234375 0.34228515625 0.845703125 0.29931640625 0.810546875 
0 0.302734375 0.51953125 0.3603515625 0.603515625 0.2802734375 0.82421875 0.22265625 0.740234375 
0 0.23779296875 0.4990234375 0.2978515625 0.5712890625 0.2314453125 0.791015625 0.171875 0.7197265625 
0 0.12353515625 0.5830078125 0.19482421875 0.498046875 0.23095703125 0.619140625 0.16015625 0.7041015625 
0 0.35009765625 0.3251953125 0.40283203125 0.33984375 0.38671875 0.5712890625 0.333984375 0.556640625 
0 0.3828125 0.2958984375 0.42431640625 0.3037109375 0.412109375 0.58203125 0.37060546875 0.5751953125 
0 0.396484375 0.279296875 0.439453125 0.2822265625 0.4345703125 0.55859375 0.3916015625 0.5556640625 
0 0.41650390625 0.2998046875 0.4599609375 0.2890625 0.4765625 0.5634765625 0.43310546875 0.57421875 
0 0.4755859375 0.3193359375 0.52587890625 0.3388671875 0.5009765625 0.591796875 0.451171875 0.572265625 
0 0.52294921875 0.3076171875 0.57177734375 0.3271484375 0.54443359375 0.6064453125 0.49560546875 0.5869140625 
