0 0.5478515625 0.3173828125 0.59033203125 0.3232421875 0.58154296875 0.5703125 0.5390625 0.564453125 
0 0.56982421875 0.302734375 0.61376953125 0.294921875 0.625 0.5537109375 0.5810546875 0.5615234375 
0 0.59716796875 0.2978515625 0.6494140625 0.2900390625 0.658203125 0.5380859375 0.60595703125 0.544921875 
0 0.6220703125 0.322265625 0.68798828125 0.2900390625 0.7158203125 0.51171875 0.64990234375 0.5439453125 
0 0.69580078125 0.318359375 0.75390625 0.3037109375 0.7666015625 0.509765625 0.70849609375 0.5244140625 
0 0.67041015625 0.5546875 0.74169921875 0.5185546875 0.7666015625 0.720703125 0.69580078125 0.755859375 
0 0.58349609375 0.5927734375 0.65673828125 0.486328125 0.73974609375 0.71484375 0.66650390625 0.8212890625 
0 0.21875 0.3525390625 0.2802734375 0.3212890625 0.30517578125 0.5205078125 0.24365234375 0.5517578125 
0 0.5693359375 0.5830078125 0.623046875 0.55078125 0.65771484375 0.7783203125 0.60400390625 0.8115234375 
0 0.5478515625 0.5673828125 0.59375 0.5791015625 0.580078125 0.80078125 0.5341796875 0.7890625 
0 0.5185546875 0.5712890625 0.5537109375 0.58203125 0.5380859375 0.7763671875 0.50341796875 0.7646484375 
0 0.48681640625 0.5712890625 0.5263671875 0.5859375 0.5078125 0.7783203125 0.46826171875 0.7626953125 
0 0.4580078125 0.5791015625 0.4921875 0.583984375 0.48583984375 0.767578125 0.451171875 0.7626953125 
0 0.41748046875 0.583984375 0.4619140625 0.5712890625 0.47509765625 0.7587890625 0.4306640625 0.7705078125 
0 0.38525390625 0.58203125 0.4228515625 0.5771484375 0.4306640625 0.80078125 0.39306640625 0.806640625 
0 0.35546875 0.560546875 0.4072265625 0.591796875 0.3759765625 0.796875 0.32421875 0.7646484375 
0 0.31640625 0.5244140625 0.3828125 0.6015625 0.32080078125 0.81640625 0.25439453125 0.7392578125 
0 0.26611328125 0.51171875 0.32470703125 0.5791015625 0.27099609375 0.7666015625 0.2119140625 0.6982421875 
0 0.31103515625 0.3193359375 0.3759765625 0.3466796875 0.35302734375 0.564453125 0.2880859375 0.537109375 
0 0.341796875 0.3271484375 0.38330078125 0.3212890625 0.39111328125 0.55078125 0.35009765625 0.5556640625 
0 0.388671875 0.287109375 0.431640625 0.29296875 0.42236328125 0.560546875 0.37939453125 0.5546875 
0 0.435546875 0.3466796875 0.4736328125 0.3603515625 0.45458984375 0.57421875 0.41650390625 0.560546875 
0 0.44580078125 0.3291015625 0.494140625 0.3203125 0.5048828125 0.5673828125 0.45654296875 0.576171875 
0 0.505859375 0.3173828125 0.55078125 0.3232421875 0.5419921875 0.5751953125 0.4970703125 0.568359375 
