0 0.27294921875 0.0888671875 0.2490234375 0.4765625 0.15234375 0.453125 0.17578125 0.0654296875 
0 0.587890625 0.2041015625 0.611328125 0.591796875 0.5146484375 0.615234375 0.49072265625 0.2275390625 
0 0.65869140625 0.21484375 0.634765625 0.6025390625 0.5380859375 0.5791015625 0.5615234375 0.19140625 
0 0.70166015625 0.1708984375 0.71875 0.5595703125 0.62158203125 0.5771484375 0.6044921875 0.1875 
0 0.8173828125 0.162109375 0.8037109375 0.5517578125 0.70654296875 0.5380859375 0.7197265625 0.1484375 
0 0.81884765625 0.0498046875 0.8662109375 0.4296875 0.771484375 0.4765625 0.72412109375 0.09765625 
0 0.880859375 0.43359375 0.93798828125 0.8076171875 0.8447265625 0.8642578125 0.78759765625 0.4912109375 
0 0.76513671875 0.447265625 0.9033203125 0.72265625 0.833984375 0.861328125 0.6962890625 0.5849609375 
0 0.67919921875 0.49609375 0.8349609375 0.7314453125 0.7763671875 0.8876953125 0.62060546875 0.65234375 
0 0.66650390625 0.4990234375 0.74267578125 0.8583984375 0.65283203125 0.9345703125 0.57666015625 0.5751953125 
0 0.65087890625 0.533203125 0.69140625 0.9150390625 0.59619140625 0.9560546875 0.55517578125 0.57421875 
0 0.6162109375 0.5576171875 0.65673828125 0.939453125 0.5615234375 0.98046875 0.5205078125 0.5986328125 
0 0.6015625 0.55859375 0.5810546875 0.947265625 0.48388671875 0.9267578125 0.50439453125 0.5380859375 
0 0.5751953125 0.560546875 0.5478515625 0.947265625 0.451171875 0.919921875 0.478515625 0.533203125 
0 0.5517578125 0.5634765625 0.5146484375 0.9462890625 0.4189453125 0.9091796875 0.4560546875 0.525390625 
0 0.52001953125 0.5439453125 0.49658203125 0.931640625 0.3994140625 0.908203125 0.42333984375 0.5205078125 
0 0.490234375 0.6005859375 0.44921875 0.982421875 0.35400390625 0.94140625 0.39453125 0.5595703125 
0 0.4609375 0.583984375 0.40673828125 0.9599609375 0.31298828125 0.90625 0.36669921875 0.5302734375 
0 0.43310546875 0.5947265625 0.34716796875 0.9453125 0.25927734375 0.859375 0.34521484375 0.5087890625 
0 0.36962890625 0.5556640625 0.3125 0.9287109375 0.21923828125 0.8720703125 0.2763671875 0.498046875 
0 0.294921875 0.5185546875 0.1943359375 0.853515625 0.1103515625 0.7529296875 0.2109375 0.41796875 
0 0.4365234375 0.1904296875 0.44677734375 0.580078125 0.34912109375 0.5908203125 0.3388671875 0.2001953125 
0 0.47705078125 0.203125 0.48388671875 0.59375 0.38623046875 0.6005859375 0.37939453125 0.2099609375 
0 0.52587890625 0.228515625 0.515625 0.619140625 0.41796875 0.6083984375 0.42822265625 0.21875 
0 0.57421875 0.236328125 0.5537109375 0.625 0.45654296875 0.6044921875 0.47705078125 0.2158203125 
