0 0.71142578125 0.2421875 0.6806640625 0.6279296875 0.58447265625 0.59765625 0.61474609375 0.2119140625 
0 0.74462890625 0.2470703125 0.7275390625 0.63671875 0.63037109375 0.619140625 0.6474609375 0.23046875 
0 0.75830078125 0.20703125 0.78173828125 0.5947265625 0.68505859375 0.6181640625 0.6611328125 0.23046875 
0 0.79150390625 0.1884765625 0.84228515625 0.5654296875 0.74755859375 0.6162109375 0.697265625 0.2392578125 
0 0.80517578125 0.44921875 0.927734375 0.7529296875 0.85205078125 0.8759765625 0.72900390625 0.572265625 
0 0.72705078125 0.521484375 0.865234375 0.796875 0.7958984375 0.935546875 0.658203125 0.6591796875 
0 0.66552734375 0.5595703125 0.72607421875 0.931640625 0.63330078125 0.9921875 0.57275390625 0.6201171875 
0 0.330078125 0.2373046875 0.26953125 0.609375 0.1767578125 0.548828125 0.2373046875 0.1767578125 
0 0.3486328125 0.6318359375 0.228515625 0.939453125 0.1513671875 0.8193359375 0.271484375 0.51171875 
0 0.2626953125 0.4921875 0.21875 0.873046875 0.12353515625 0.8291015625 0.16748046875 0.4482421875 
0 0.3671875 0.2314453125 0.33642578125 0.6171875 0.240234375 0.5869140625 0.2705078125 0.201171875 
0 0.37353515625 0.2138671875 0.39697265625 0.6015625 0.30029296875 0.625 0.2763671875 0.2373046875 
0 0.419921875 0.205078125 0.43701171875 0.59375 0.33984375 0.611328125 0.32275390625 0.2216796875 
0 0.54736328125 0.2412109375 0.5302734375 0.630859375 0.43310546875 0.61328125 0.4501953125 0.224609375 
0 0.615234375 0.25390625 0.5810546875 0.6376953125 0.48486328125 0.6044921875 0.51904296875 0.2197265625 
