0 0.54150390625 0.3408203125 0.57763671875 0.333984375 0.58984375 0.5654296875 0.5537109375 0.5732421875 
0 0.56884765625 0.2734375 0.61083984375 0.2646484375 0.62548828125 0.5419921875 0.58349609375 0.55078125 
0 0.58251953125 0.30078125 0.63330078125 0.2705078125 0.67138671875 0.51953125 0.62060546875 0.55078125 
0 0.6337890625 0.28125 0.677734375 0.2607421875 0.7060546875 0.5078125 0.66259765625 0.52734375 
0 0.5224609375 0.5966796875 0.5556640625 0.583984375 0.5732421875 0.7646484375 0.5400390625 0.77734375 
0 0.5 0.6025390625 0.52783203125 0.5966796875 0.53759765625 0.775390625 0.50927734375 0.78125 
0 0.47265625 0.6015625 0.50146484375 0.5947265625 0.5126953125 0.7744140625 0.4833984375 0.78125 
0 0.44677734375 0.5869140625 0.47705078125 0.58984375 0.47119140625 0.8095703125 0.44140625 0.806640625 
0 0.2548828125 0.4833984375 0.30712890625 0.5654296875 0.232421875 0.755859375 0.18017578125 0.673828125 
0 0.474609375 0.298828125 0.52197265625 0.3076171875 0.51025390625 0.5830078125 0.46240234375 0.57421875 
0 0.50341796875 0.3095703125 0.55029296875 0.3046875 0.5576171875 0.5771484375 0.51025390625 0.58203125 
