0 0.2578125 0.1416015625 0.34912109375 0.486328125 0.26318359375 0.578125 0.17138671875 0.2333984375 
0 0.587890625 0.220703125 0.615234375 0.607421875 0.5185546875 0.634765625 0.4912109375 0.248046875 
0 0.65380859375 0.2216796875 0.6298828125 0.609375 0.533203125 0.5859375 0.556640625 0.1982421875 
0 0.65478515625 0.2158203125 0.66796875 0.60546875 0.57080078125 0.619140625 0.55712890625 0.2294921875 
0 0.67626953125 0.205078125 0.70654296875 0.5908203125 0.6103515625 0.62109375 0.57958984375 0.2353515625 
0 0.716796875 0.2041015625 0.7470703125 0.58984375 0.65087890625 0.6201171875 0.6201171875 0.234375 
0 0.76513671875 0.1865234375 0.79541015625 0.572265625 0.69921875 0.6025390625 0.66845703125 0.216796875 
0 0.78466796875 0.109375 0.841796875 0.482421875 0.74853515625 0.5400390625 0.69140625 0.166015625 
0 0.82470703125 0.408203125 0.92236328125 0.74609375 0.837890625 0.84375 0.740234375 0.505859375 
0 0.7587890625 0.427734375 0.87353515625 0.744140625 0.794921875 0.8583984375 0.68017578125 0.54296875 
0 0.70654296875 0.47265625 0.80712890625 0.8076171875 0.72314453125 0.908203125 0.62255859375 0.5732421875 
0 0.3486328125 0.2265625 0.30810546875 0.6083984375 0.21240234375 0.5673828125 0.25341796875 0.185546875 
0 0.6689453125 0.50390625 0.748046875 0.8603515625 0.6591796875 0.939453125 0.57958984375 0.5830078125 
0 0.64599609375 0.5234375 0.68994140625 0.904296875 0.5947265625 0.9482421875 0.55078125 0.5673828125 
0 0.61181640625 0.529296875 0.662109375 0.90625 0.56787109375 0.95703125 0.51708984375 0.580078125 
0 0.5859375 0.5302734375 0.6201171875 0.9140625 0.52392578125 0.9482421875 0.48974609375 0.5634765625 
0 0.55615234375 0.5302734375 0.59326171875 0.9140625 0.49755859375 0.951171875 0.46044921875 0.568359375 
0 0.54931640625 0.556640625 0.5322265625 0.9453125 0.43505859375 0.9287109375 0.4521484375 0.5390625 
0 0.52392578125 0.568359375 0.48974609375 0.953125 0.3935546875 0.9189453125 0.427734375 0.53515625 
0 0.4912109375 0.5771484375 0.4541015625 0.9599609375 0.3583984375 0.9228515625 0.3955078125 0.5390625 
0 0.4619140625 0.5986328125 0.39208984375 0.962890625 0.30078125 0.8935546875 0.37060546875 0.5283203125 
0 0.32080078125 0.5458984375 0.21142578125 0.869140625 0.13037109375 0.7607421875 0.23974609375 0.4365234375 
0 0.15869140625 0.3408203125 0.25927734375 0.67578125 0.17529296875 0.7763671875 0.07470703125 0.44140625 
0 0.42919921875 0.25 0.40185546875 0.63671875 0.30517578125 0.609375 0.33251953125 0.22265625 
0 0.44775390625 0.2255859375 0.4375 0.6162109375 0.33984375 0.60546875 0.35009765625 0.2158203125 
0 0.47705078125 0.216796875 0.4599609375 0.6064453125 0.36279296875 0.5888671875 0.3798828125 0.2001953125 
0 0.4833984375 0.2060546875 0.5107421875 0.5927734375 0.4140625 0.6201171875 0.38671875 0.2333984375 
0 0.556640625 0.2548828125 0.51953125 0.638671875 0.423828125 0.6005859375 0.4609375 0.2177734375 
0 0.59521484375 0.2646484375 0.56103515625 0.6484375 0.46484375 0.615234375 0.4990234375 0.23046875 
