0 0.66259765625 0.24609375 0.65234375 0.63671875 0.5546875 0.6259765625 0.56494140625 0.236328125 
0 0.71435546875 0.2734375 0.68359375 0.6591796875 0.58740234375 0.62890625 0.61767578125 0.2431640625 
0 0.72119140625 0.2421875 0.73828125 0.630859375 0.64111328125 0.6484375 0.6240234375 0.2587890625 
0 0.7666015625 0.24609375 0.78369140625 0.634765625 0.6865234375 0.65234375 0.66943359375 0.2626953125 
0 0.79443359375 0.2080078125 0.8486328125 0.583984375 0.75439453125 0.6376953125 0.70068359375 0.26171875 
0 0.80078125 0.1015625 0.8955078125 0.443359375 0.81005859375 0.5380859375 0.71533203125 0.1962890625 
0 0.79248046875 0.51171875 0.875 0.8662109375 0.7861328125 0.9482421875 0.70361328125 0.5947265625 
0 0.62255859375 0.5546875 0.63623046875 0.9443359375 0.53857421875 0.9580078125 0.525390625 0.568359375 
0 0.60107421875 0.55078125 0.58056640625 0.939453125 0.4833984375 0.9189453125 0.50390625 0.5302734375 
0 0.5712890625 0.53515625 0.5478515625 0.9228515625 0.45068359375 0.8994140625 0.474609375 0.51171875 
0 0.5458984375 0.5390625 0.515625 0.9248046875 0.4189453125 0.89453125 0.44970703125 0.5087890625 
0 0.5166015625 0.544921875 0.486328125 0.9306640625 0.3896484375 0.900390625 0.42041015625 0.5146484375 
0 0.48388671875 0.578125 0.45361328125 0.9638671875 0.35693359375 0.93359375 0.3876953125 0.5478515625 
0 0.44384765625 0.546875 0.42333984375 0.935546875 0.326171875 0.9150390625 0.3466796875 0.5263671875 
0 0.4140625 0.583984375 0.35693359375 0.95703125 0.263671875 0.900390625 0.32080078125 0.5263671875 
0 0.35205078125 0.259765625 0.31494140625 0.6435546875 0.21923828125 0.60546875 0.25634765625 0.22265625 
0 0.36767578125 0.5966796875 0.2978515625 0.9609375 0.20654296875 0.8916015625 0.2763671875 0.5263671875 
0 0.3095703125 0.5791015625 0.22705078125 0.9326171875 0.13818359375 0.8505859375 0.220703125 0.49609375 
0 0.2041015625 0.5224609375 0.248046875 0.9033203125 0.15283203125 0.947265625 0.10888671875 0.56640625 
0 0.36669921875 0.234375 0.376953125 0.6240234375 0.279296875 0.634765625 0.26904296875 0.244140625 
0 0.39404296875 0.2255859375 0.41455078125 0.6142578125 0.3173828125 0.634765625 0.296875 0.24609375 
0 0.43505859375 0.2373046875 0.4521484375 0.6259765625 0.35498046875 0.6435546875 0.337890625 0.25390625 
0 0.46630859375 0.2392578125 0.49365234375 0.6259765625 0.39697265625 0.6533203125 0.36962890625 0.2666015625 
0 0.51318359375 0.2314453125 0.5302734375 0.6201171875 0.43310546875 0.6376953125 0.416015625 0.248046875 
0 0.5908203125 0.25 0.56689453125 0.6376953125 0.47021484375 0.6142578125 0.49365234375 0.2265625 
