0 0.1865234375 0.12109375 0.2421875 0.1513671875 0.21875 0.3251953125 0.1630859375 0.2958984375 
0 0.609375 0.296875 0.66748046875 0.2763671875 0.69140625 0.5498046875 0.63330078125 0.5703125 
0 0.65869140625 0.30078125 0.7158203125 0.2880859375 0.728515625 0.5322265625 0.67138671875 0.5439453125 
0 0.70263671875 0.3154296875 0.7705078125 0.287109375 0.79345703125 0.5009765625 0.7255859375 0.529296875 
0 0.755859375 0.2568359375 0.82568359375 0.22265625 0.85400390625 0.4521484375 0.78466796875 0.4873046875 
0 0.78515625 0.185546875 0.85009765625 0.1484375 0.875 0.32421875 0.810546875 0.361328125 
0 0.76806640625 0.51953125 0.83935546875 0.47265625 0.87548828125 0.693359375 0.80419921875 0.740234375 
0 0.68505859375 0.6015625 0.74853515625 0.486328125 0.85009765625 0.7119140625 0.78662109375 0.8271484375 
0 0.1923828125 0.1923828125 0.2685546875 0.2197265625 0.24658203125 0.4677734375 0.17041015625 0.4404296875 
0 0.6171875 0.599609375 0.66748046875 0.5859375 0.68701171875 0.857421875 0.63671875 0.8720703125 
0 0.32275390625 0.5302734375 0.38330078125 0.57421875 0.33935546875 0.814453125 0.27880859375 0.7705078125 
0 0.2470703125 0.2294921875 0.31884765625 0.265625 0.28955078125 0.4970703125 0.21826171875 0.4609375 
0 0.27392578125 0.4765625 0.33935546875 0.578125 0.24951171875 0.80859375 0.18408203125 0.70703125 
0 0.1845703125 0.4755859375 0.25634765625 0.505859375 0.23193359375 0.7373046875 0.16015625 0.7060546875 
0 0.119140625 0.39453125 0.208984375 0.462890625 0.17333984375 0.6494140625 0.08349609375 0.580078125 
0 0.31591796875 0.279296875 0.3720703125 0.267578125 0.3857421875 0.5224609375 0.3291015625 0.53515625 
0 0.46435546875 0.2685546875 0.52392578125 0.287109375 0.5 0.5849609375 0.44091796875 0.5654296875 
0 0.51025390625 0.2861328125 0.5634765625 0.294921875 0.55078125 0.5849609375 0.49755859375 0.576171875 
