0 0.5537109375 0.33984375 0.5927734375 0.34375 0.58642578125 0.5947265625 0.54736328125 0.58984375 
0 0.58544921875 0.30859375 0.6279296875 0.3134765625 0.62060546875 0.59375 0.578125 0.5888671875 
0 0.6064453125 0.3203125 0.65283203125 0.3134765625 0.662109375 0.580078125 0.61572265625 0.5869140625 
0 0.63232421875 0.326171875 0.6728515625 0.3076171875 0.7021484375 0.5595703125 0.6611328125 0.578125 
0 0.671875 0.291015625 0.72998046875 0.2705078125 0.751953125 0.5224609375 0.69384765625 0.54296875 
0 0.72021484375 0.3046875 0.77294921875 0.2783203125 0.79931640625 0.490234375 0.74658203125 0.5166015625 
0 0.7626953125 0.2841796875 0.818359375 0.248046875 0.849609375 0.44140625 0.79443359375 0.4775390625 
0 0.76025390625 0.509765625 0.8203125 0.4404296875 0.87744140625 0.6376953125 0.8173828125 0.70703125 
0 0.642578125 0.6005859375 0.69384765625 0.5078125 0.78564453125 0.7119140625 0.734375 0.8046875 
0 0.22998046875 0.2646484375 0.29052734375 0.28515625 0.2734375 0.4775390625 0.212890625 0.45703125 
0 0.5732421875 0.623046875 0.61376953125 0.5869140625 0.6611328125 0.8017578125 0.62109375 0.8369140625 
0 0.54541015625 0.626953125 0.58837890625 0.6025390625 0.62060546875 0.830078125 0.578125 0.8544921875 
0 0.52685546875 0.62890625 0.5625 0.6220703125 0.57373046875 0.8330078125 0.5380859375 0.8408203125 
0 0.498046875 0.62109375 0.529296875 0.609375 0.54931640625 0.8408203125 0.51806640625 0.8515625 
0 0.4775390625 0.611328125 0.5146484375 0.62109375 0.4990234375 0.84765625 0.46142578125 0.8369140625 
0 0.447265625 0.6064453125 0.48291015625 0.615234375 0.46923828125 0.8427734375 0.43310546875 0.833984375 
0 0.4169921875 0.5869140625 0.46240234375 0.6240234375 0.42236328125 0.822265625 0.376953125 0.78515625 
0 0.38623046875 0.5625 0.435546875 0.6103515625 0.38134765625 0.83203125 0.33203125 0.7841796875 
0 0.36181640625 0.5283203125 0.4052734375 0.587890625 0.32958984375 0.8125 0.28564453125 0.75390625 
0 0.2763671875 0.3076171875 0.33740234375 0.314453125 0.33251953125 0.51171875 0.271484375 0.505859375 
0 0.29052734375 0.470703125 0.3662109375 0.5439453125 0.3046875 0.796875 0.22900390625 0.72265625 
0 0.2490234375 0.4287109375 0.30810546875 0.525390625 0.22509765625 0.73046875 0.16552734375 0.634765625 
0 0.3310546875 0.3173828125 0.384765625 0.330078125 0.3720703125 0.5400390625 0.31787109375 0.5263671875 
0 0.37255859375 0.279296875 0.42919921875 0.2939453125 0.41259765625 0.56640625 0.35595703125 0.5517578125 
0 0.3896484375 0.28125 0.4404296875 0.2734375 0.45068359375 0.5712890625 0.400390625 0.578125 
0 0.44140625 0.2998046875 0.482421875 0.3056640625 0.47314453125 0.5810546875 0.43212890625 0.5751953125 
0 0.47314453125 0.3271484375 0.52392578125 0.337890625 0.509765625 0.6064453125 0.458984375 0.595703125 
0 0.49853515625 0.337890625 0.5458984375 0.3291015625 0.55810546875 0.6025390625 0.51025390625 0.611328125 
