0 0.2470703125 0.224609375 0.30126953125 0.6005859375 0.20703125 0.654296875 0.1533203125 0.2783203125 
0 0.63134765625 0.23828125 0.62109375 0.62890625 0.5234375 0.6181640625 0.53369140625 0.228515625 
0 0.67236328125 0.2216796875 0.6552734375 0.611328125 0.55810546875 0.59375 0.5751953125 0.205078125 
0 0.71142578125 0.23046875 0.6875 0.6181640625 0.5908203125 0.5947265625 0.6142578125 0.20703125 
0 0.72119140625 0.2099609375 0.74462890625 0.59765625 0.64794921875 0.62109375 0.6240234375 0.2333984375 
0 0.79296875 0.23828125 0.7724609375 0.626953125 0.67529296875 0.6064453125 0.69580078125 0.2177734375 
0 0.86962890625 0.2265625 0.8125 0.6005859375 0.71923828125 0.54296875 0.7763671875 0.169921875 
0 0.76123046875 0.4599609375 0.85888671875 0.7978515625 0.7744140625 0.8955078125 0.6767578125 0.5576171875 
0 0.6875 0.501953125 0.73779296875 0.87890625 0.6435546875 0.9296875 0.5927734375 0.552734375 
0 0.6591796875 0.5146484375 0.68310546875 0.90234375 0.5859375 0.92578125 0.5625 0.5380859375 
0 0.56494140625 0.498046875 0.58203125 0.8876953125 0.48486328125 0.904296875 0.4677734375 0.515625 
0 0.5380859375 0.50390625 0.5517578125 0.8935546875 0.4541015625 0.9072265625 0.44091796875 0.517578125 
0 0.525390625 0.5283203125 0.5048828125 0.9169921875 0.40771484375 0.896484375 0.42822265625 0.5078125 
0 0.47802734375 0.537109375 0.49169921875 0.9267578125 0.39404296875 0.9404296875 0.380859375 0.55078125 
0 0.45458984375 0.55078125 0.4443359375 0.9404296875 0.3466796875 0.9306640625 0.35693359375 0.5400390625 
0 0.4267578125 0.5693359375 0.36962890625 0.9423828125 0.2763671875 0.8857421875 0.33349609375 0.51171875 
0 0.33544921875 0.5849609375 0.22607421875 0.908203125 0.14501953125 0.7998046875 0.25439453125 0.4755859375 
0 0.4521484375 0.240234375 0.41796875 0.6240234375 0.32177734375 0.5908203125 0.35595703125 0.2060546875 
0 0.5908203125 0.248046875 0.583984375 0.638671875 0.486328125 0.6318359375 0.4931640625 0.2412109375 
