0 0.62646484375 0.2666015625 0.67724609375 0.2958984375 0.63525390625 0.5888671875 0.58447265625 0.5595703125 
0 0.64697265625 0.2744140625 0.697265625 0.2900390625 0.67431640625 0.578125 0.62451171875 0.5625 
0 0.78759765625 0.2939453125 0.8544921875 0.322265625 0.82861328125 0.56640625 0.76171875 0.5380859375 
0 0.81591796875 0.3017578125 0.88037109375 0.2841796875 0.89599609375 0.50390625 0.83154296875 0.521484375 
0 0.81494140625 0.5224609375 0.89013671875 0.5302734375 0.8837890625 0.7724609375 0.80859375 0.7646484375 
0 0.740234375 0.5947265625 0.8017578125 0.5322265625 0.865234375 0.7822265625 0.80419921875 0.8447265625 
0 0.16162109375 0.3271484375 0.228515625 0.3076171875 0.2451171875 0.544921875 0.17822265625 0.5634765625 
0 0.59326171875 0.599609375 0.6376953125 0.5703125 0.6845703125 0.8583984375 0.64013671875 0.88671875 
0 0.5361328125 0.5888671875 0.5732421875 0.5849609375 0.580078125 0.853515625 0.54296875 0.857421875 
0 0.5029296875 0.5888671875 0.53662109375 0.5830078125 0.5478515625 0.8427734375 0.51416015625 0.8486328125 
0 0.47705078125 0.5849609375 0.51220703125 0.58984375 0.50341796875 0.84375 0.46826171875 0.8388671875 
0 0.439453125 0.5849609375 0.478515625 0.5810546875 0.48583984375 0.857421875 0.44677734375 0.861328125 
0 0.40380859375 0.580078125 0.447265625 0.5849609375 0.43896484375 0.9091796875 0.3955078125 0.904296875 
0 0.36572265625 0.57421875 0.41357421875 0.5830078125 0.39892578125 0.923828125 0.3505859375 0.9150390625 
0 0.32861328125 0.572265625 0.376953125 0.591796875 0.34619140625 0.908203125 0.2978515625 0.8896484375 
0 0.24560546875 0.28125 0.30908203125 0.29296875 0.296875 0.5732421875 0.2333984375 0.5625 
0 0.27392578125 0.53515625 0.3447265625 0.595703125 0.287109375 0.8662109375 0.216796875 0.8056640625 
0 0.2119140625 0.533203125 0.27880859375 0.595703125 0.21826171875 0.8564453125 0.1513671875 0.7939453125 
0 0.08056640625 0.6591796875 0.16552734375 0.5322265625 0.22509765625 0.6904296875 0.14013671875 0.8173828125 
0 0.30029296875 0.3115234375 0.3466796875 0.3212890625 0.33349609375 0.5732421875 0.287109375 0.5634765625 
0 0.3125 0.310546875 0.3642578125 0.2958984375 0.3828125 0.5595703125 0.3310546875 0.5732421875 
0 0.34814453125 0.3115234375 0.3935546875 0.2939453125 0.41943359375 0.55859375 0.3740234375 0.576171875 
0 0.4638671875 0.26953125 0.51220703125 0.2763671875 0.50146484375 0.5732421875 0.45361328125 0.56640625 
0 0.48779296875 0.27734375 0.5400390625 0.2646484375 0.55859375 0.5703125 0.5068359375 0.5830078125 
