0 0.19677734375 0.201171875 0.25146484375 0.23046875 0.2275390625 0.41015625 0.17236328125 0.380859375 
0 0.52197265625 0.28515625 0.5673828125 0.27734375 0.580078125 0.572265625 0.53515625 0.580078125 
0 0.63037109375 0.265625 0.68017578125 0.2548828125 0.6943359375 0.52734375 0.64453125 0.5380859375 
0 0.7353515625 0.224609375 0.80517578125 0.234375 0.79541015625 0.51171875 0.7255859375 0.501953125 
0 0.75927734375 0.205078125 0.81640625 0.17578125 0.84033203125 0.3681640625 0.783203125 0.396484375 
0 0.8017578125 0.5498046875 0.884765625 0.4931640625 0.91943359375 0.6962890625 0.8369140625 0.7529296875 
0 0.70556640625 0.578125 0.76953125 0.4541015625 0.869140625 0.6611328125 0.80517578125 0.7841796875 
0 0.201171875 0.2890625 0.26953125 0.267578125 0.2900390625 0.5244140625 0.2216796875 0.546875 
0 0.5263671875 0.5927734375 0.5625 0.5888671875 0.56982421875 0.8662109375 0.533203125 0.8701171875 
0 0.5068359375 0.5712890625 0.5439453125 0.587890625 0.5166015625 0.845703125 0.4794921875 0.830078125 
0 0.4775390625 0.5751953125 0.51171875 0.5849609375 0.49365234375 0.841796875 0.45947265625 0.83203125 
0 0.45166015625 0.58203125 0.48583984375 0.5947265625 0.4638671875 0.84375 0.4296875 0.8310546875 
0 0.41845703125 0.5869140625 0.45947265625 0.6044921875 0.423828125 0.939453125 0.3828125 0.9228515625 
0 0.38134765625 0.5771484375 0.4296875 0.6044921875 0.3876953125 0.896484375 0.33984375 0.869140625 
0 0.3515625 0.560546875 0.39990234375 0.6064453125 0.34130859375 0.8583984375 0.29248046875 0.8134765625 
0 0.28369140625 0.5341796875 0.3544921875 0.57421875 0.31494140625 0.8505859375 0.244140625 0.8095703125 
0 0.20263671875 0.4775390625 0.27685546875 0.5634765625 0.22900390625 0.73046875 0.154296875 0.64453125 
0 0.36083984375 0.26953125 0.40625 0.259765625 0.421875 0.5615234375 0.376953125 0.5712890625 
0 0.396484375 0.2822265625 0.4453125 0.2744140625 0.45751953125 0.5634765625 0.4091796875 0.572265625 
0 0.435546875 0.310546875 0.48876953125 0.3046875 0.49609375 0.580078125 0.44287109375 0.5859375 
0 0.49755859375 0.2998046875 0.5439453125 0.3046875 0.53662109375 0.58984375 0.48974609375 0.5849609375 
