0 0.62841796875 0.2275390625 0.60791015625 0.6162109375 0.5107421875 0.595703125 0.53125 0.20703125 
0 0.65380859375 0.2353515625 0.6435546875 0.6259765625 0.5458984375 0.615234375 0.55615234375 0.2255859375 
0 0.67138671875 0.45703125 0.73486328125 0.826171875 0.642578125 0.8896484375 0.5791015625 0.5205078125 
0 0.6357421875 0.4736328125 0.6962890625 0.845703125 0.603515625 0.90625 0.54296875 0.5341796875 
0 0.60107421875 0.4833984375 0.66162109375 0.85546875 0.56884765625 0.916015625 0.50830078125 0.5439453125 
0 0.57421875 0.49609375 0.6279296875 0.8720703125 0.5341796875 0.92578125 0.47998046875 0.5498046875 
0 0.55322265625 0.4990234375 0.58056640625 0.8857421875 0.48388671875 0.9130859375 0.45654296875 0.5263671875 
0 0.54296875 0.5166015625 0.5224609375 0.9052734375 0.42529296875 0.884765625 0.44580078125 0.49609375 
0 0.52685546875 0.5419921875 0.4794921875 0.921875 0.384765625 0.8740234375 0.43212890625 0.4951171875 
0 0.49169921875 0.5224609375 0.46826171875 0.91015625 0.37109375 0.88671875 0.39501953125 0.4990234375 
0 0.4541015625 0.5185546875 0.419921875 0.9033203125 0.32373046875 0.869140625 0.35791015625 0.4853515625 
0 0.4248046875 0.52734375 0.3642578125 0.8994140625 0.271484375 0.8388671875 0.33203125 0.466796875 
0 0.41552734375 0.2373046875 0.3916015625 0.625 0.294921875 0.6015625 0.318359375 0.2138671875 
0 0.42138671875 0.23046875 0.44189453125 0.619140625 0.3447265625 0.6396484375 0.32421875 0.2509765625 
0 0.48193359375 0.2451171875 0.46826171875 0.634765625 0.37109375 0.62109375 0.38427734375 0.2314453125 
0 0.4970703125 0.2236328125 0.50732421875 0.61328125 0.40966796875 0.6240234375 0.3994140625 0.2333984375 
0 0.54296875 0.212890625 0.5361328125 0.603515625 0.4384765625 0.5966796875 0.4453125 0.2060546875 
0 0.5673828125 0.205078125 0.58447265625 0.59375 0.4873046875 0.611328125 0.47021484375 0.2216796875 
