0 0.16650390625 0.2919921875 0.22265625 0.32421875 0.1923828125 0.53515625 0.13623046875 0.5029296875 
0 0.57275390625 0.275390625 0.6259765625 0.30078125 0.591796875 0.5966796875 0.53857421875 0.5712890625 
0 0.61962890625 0.2607421875 0.66796875 0.28125 0.6337890625 0.6025390625 0.58544921875 0.58203125 
0 0.64404296875 0.306640625 0.6982421875 0.326171875 0.67529296875 0.5908203125 0.62060546875 0.5712890625 
0 0.6787109375 0.3291015625 0.72265625 0.3369140625 0.7119140625 0.5869140625 0.66796875 0.5791015625 
0 0.69970703125 0.3349609375 0.7587890625 0.322265625 0.771484375 0.5625 0.71240234375 0.57421875 
0 0.7548828125 0.30859375 0.81005859375 0.2978515625 0.82275390625 0.533203125 0.76708984375 0.544921875 
0 0.8056640625 0.314453125 0.857421875 0.2998046875 0.8720703125 0.5107421875 0.8203125 0.525390625 
0 0.86572265625 0.5234375 0.9228515625 0.6259765625 0.84423828125 0.7998046875 0.78759765625 0.697265625 
0 0.72216796875 0.5986328125 0.79150390625 0.51171875 0.86328125 0.7412109375 0.79345703125 0.828125 
0 0.65380859375 0.62890625 0.72265625 0.53515625 0.80322265625 0.7734375 0.73388671875 0.8671875 
0 0.177734375 0.283203125 0.23876953125 0.263671875 0.25927734375 0.5205078125 0.1982421875 0.5400390625 
0 0.61572265625 0.609375 0.67236328125 0.5810546875 0.7099609375 0.8828125 0.6533203125 0.91015625 
0 0.53125 0.69921875 0.60546875 0.5751953125 0.71826171875 0.84375 0.64404296875 0.9677734375 
0 0.5224609375 0.6142578125 0.5751953125 0.587890625 0.61572265625 0.916015625 0.5634765625 0.9423828125 
0 0.51123046875 0.5966796875 0.54736328125 0.611328125 0.521484375 0.8583984375 0.48486328125 0.8427734375 
0 0.48681640625 0.595703125 0.521484375 0.6083984375 0.50048828125 0.8486328125 0.4658203125 0.8369140625 
0 0.46240234375 0.595703125 0.49609375 0.603515625 0.48095703125 0.8505859375 0.447265625 0.8427734375 
0 0.43603515625 0.58203125 0.47509765625 0.5849609375 0.4697265625 0.8740234375 0.43115234375 0.87109375 
0 0.369140625 0.5712890625 0.4150390625 0.6064453125 0.3583984375 0.9013671875 0.3125 0.8662109375 
0 0.23388671875 0.3525390625 0.2939453125 0.3310546875 0.31298828125 0.544921875 0.2529296875 0.5654296875 
0 0.2763671875 0.533203125 0.34130859375 0.6025390625 0.279296875 0.8359375 0.21435546875 0.7666015625 
0 0.21337890625 0.5146484375 0.27587890625 0.578125 0.21875 0.8037109375 0.15576171875 0.7392578125 
0 0.103515625 0.59765625 0.17236328125 0.5302734375 0.21484375 0.705078125 0.14599609375 0.7724609375 
0 0.3193359375 0.2880859375 0.3583984375 0.30078125 0.33642578125 0.576171875 0.29736328125 0.564453125 
0 0.32861328125 0.2861328125 0.375 0.27734375 0.3876953125 0.57421875 0.341796875 0.58203125 
0 0.34423828125 0.29296875 0.3935546875 0.2685546875 0.431640625 0.5751953125 0.38232421875 0.599609375 
0 0.388671875 0.3017578125 0.439453125 0.2783203125 0.4736328125 0.5732421875 0.4228515625 0.5966796875 
0 0.45166015625 0.28125 0.498046875 0.2734375 0.51123046875 0.5791015625 0.46484375 0.5869140625 
0 0.51806640625 0.27734375 0.5654296875 0.28515625 0.5517578125 0.591796875 0.50439453125 0.583984375 
